timestamp,gct_ms,swing_time,stride_time,gait_cycle_time,cadence,gct_pct,activity_type,speed_mps,vgrf_average,fsa_deg,stride_len_m ,vgrf_impulse_bws,vgrf_active_peak_bw,lr_instantaneous_bwps, vgrf_curve_bn_output_0, vgrf_curve_bn_output_1, vgrf_curve_bn_output_2, vgrf_curve_bn_output_3
1763497958.232367, 719.585999, 455.301941, 1209.959351, 1174.887939, 49.588444, 61.247208, 3, 1.134852, 0.807259, 16.604988, 1.373125, 0.580892, 1.069400, 17.511425, 3.592729, 3.683880, 0.000000, 4.229785
1763497959.369728, 687.158203, 416.334717, 1137.311646, 1103.492920, 52.755989, 62.271194, 3, 1.231531, 0.812496, 17.448475, 1.400635, 0.558313, 1.120443, 22.992830, 3.303752, 3.893515, 0.000000, 4.428969
1763497960.482049, 697.967529, 425.566040, 1112.260742, 1123.533569, 53.944187, 62.122536, 3, 1.230254, 0.810696, 16.742569, 1.368363, 0.565840, 1.130266, 23.181492, 3.278718, 3.879613, 0.000000, 4.447511
1763497961.614413, 666.740662, 432.994568, 1132.301514, 1099.735229, 52.989418, 60.627384, 3, 1.232292, 0.816055, 16.580765, 1.395326, 0.544097, 1.108404, 21.325916, 3.309346, 3.889874, 0.000000, 4.522099
1763497962.679125, 434.858917, 424.387604, 1064.663940, 859.246521, 56.355812, 50.609333, 2, 1.384891, 0.996843, 3.256898, 1.474443, 0.433486, 1.807103, 43.080212, 1.576514, 1.843215, 0.890685, 3.389895
1763497963.544683, 287.337219, 405.320679, 865.509216, 692.657898, 69.323349, 41.483280, 2, 1.776104, 1.206537, 0.857885, 1.537235, 0.346683, 2.043261, 61.802757, 1.580347, 1.845014, 1.173476, 3.457660
1763497964.331319, 265.957275, 495.590576, 786.598816, 761.547852, 76.277763, 34.923252, 2, 2.605713, 1.424974, 3.260181, 2.049650, 0.378982, 2.328992, 113.563049, 1.324794, 2.226671, 0.906693, 3.483731
1763497965.131732, 249.922318, 531.666321, 800.376831, 781.588623, 74.964691, 31.976196, 2, 2.755233, 1.552281, 1.361836, 2.205224, 0.387950, 2.514218, 120.484077, 1.335508, 2.298484, 0.972635, 3.373667
1763497965.927148, 253.129303, 545.994995, 795.366638, 799.124329, 75.436905, 31.675833, 2, 2.905866, 1.566587, 1.409239, 2.311229, 0.396549, 2.535892, 144.840057, 1.118237, 2.376180, 0.667873, 3.400686
1763497966.682469, 255.267303, 502.522919, 755.285217, 757.790222, 79.440186, 33.685745, 2, 3.018829, 1.475719, 3.075733, 2.280077, 0.376703, 2.401173, 125.108742, 1.387317, 2.262770, 1.144172, 3.562283
1763497967.462843, 260.612305, 525.986511, 780.336121, 786.598816, 76.889946, 33.131538, 2, 3.128836, 1.499673, 3.304634, 2.441544, 0.390833, 2.436007, 124.027618, 1.148379, 2.563743, 1.018684, 3.402531
1763497968.241963, 270.233276, 520.123169, 779.083557, 790.356445, 77.013565, 34.191315, 2, 2.829920, 1.454544, 2.167508, 2.204744, 0.393066, 2.370787, 117.791199, 1.246656, 2.314481, 1.053037, 3.401699
1763497969.013568, 252.060318, 498.214722, 771.568237, 750.275024, 77.763702, 33.595722, 2, 2.933152, 1.479556, 3.002581, 2.263127, 0.372937, 2.406721, 130.289597, 1.076751, 2.363059, 0.969196, 3.479171
1763497969.790195, 248.853302, 523.967529, 776.578430, 772.820801, 77.261993, 32.200645, 2, 3.039764, 1.541766, 2.124420, 2.360615, 0.383673, 2.498397, 133.092285, 0.885510, 2.434995, 0.793456, 3.427564
1763497970.570568, 250.991302, 531.849854, 780.336121, 782.841187, 76.889946, 32.061584, 2, 3.089657, 1.548263, 2.285297, 2.410971, 0.388601, 2.508162, 142.764526, 1.000655, 2.478908, 0.882176, 3.535290
1763497971.343425, 239.232315, 519.810486, 772.820801, 759.042786, 77.637665, 31.517633, 2, 3.160202, 1.574231, 3.015972, 2.442270, 0.376607, 2.547545, 143.523880, 1.124710, 2.477202, 0.863183, 3.394071
1763497972.111272, 234.956345, 527.844055, 767.810608, 762.800415, 78.144272, 30.801811, 2, 3.383241, 1.609801, 3.720676, 2.597689, 0.378233, 2.602422, 152.150574, 1.026471, 2.644391, 0.825876, 3.402111
1763497972.891646, 226.404358, 543.911377, 780.336121, 770.315735, 76.889946, 29.391113, 2, 3.283510, 1.684971, 2.117780, 2.562241, 0.381485, 2.721931, 145.131180, 1.176706, 2.424022, 0.929422, 3.287295
1763497973.655748, 232.818344, 538.749878, 764.052979, 771.568237, 78.528587, 30.174694, 2, 3.399069, 1.642350, 3.789254, 2.597069, 0.382369, 2.653580, 115.570953, 1.488280, 2.443702, 1.331193, 3.347733
1763497974.424848, 229.611359, 535.694214, 769.063171, 765.305542, 78.016998, 30.002573, 2, 3.292019, 1.651521, 2.098819, 2.531771, 0.379208, 2.668158, 174.096390, 0.843666, 2.600152, 0.838460, 3.410292
1763497975.185179, 230.680344, 530.867493, 760.295349, 761.547852, 78.916702, 30.290985, 2, 3.262030, 1.636212, 2.089080, 2.480106, 0.377442, 2.643865, 170.938889, 0.731402, 2.608787, 0.774365, 3.454342
1763497975.960542, 233.887360, 545.196167, 775.325928, 779.083557, 77.386810, 30.020830, 2, 3.323681, 1.650543, 1.981805, 2.576936, 0.386041, 2.666600, 133.274551, 0.973002, 2.527088, 0.850994, 3.410739
1763497976.754705, 223.197357, 558.391235, 794.114136, 781.588623, 75.555893, 28.556883, 2, 3.298371, 1.732919, 1.554142, 2.619283, 0.386783, 2.800668, 145.207092, 0.900498, 2.584624, 0.644153, 3.378487
1763497977.528815, 234.956345, 552.895020, 774.073364, 787.851379, 77.512032, 29.822422, 2, 3.470681, 1.661234, 1.492721, 2.686562, 0.390317, 2.683674, 165.319778, 1.128002, 2.414551, 0.776206, 3.451528
1763497978.290400, 234.956345, 526.591492, 761.547852, 761.547852, 78.786911, 30.852472, 2, 3.477208, 1.607229, 3.456287, 2.648060, 0.377629, 2.598419, 140.876328, 1.592265, 2.337712, 1.069500, 3.428617
1763497979.073278, 233.887360, 547.701294, 782.841187, 781.588623, 76.643898, 29.924610, 2, 3.342740, 1.655710, 3.395272, 2.616834, 0.387250, 2.674840, 145.958984, 1.086254, 2.693379, 0.803402, 3.418729
1763497979.854903, 236.025330, 548.068420, 781.588623, 784.093750, 76.766724, 30.101671, 2, 3.416477, 1.646228, 2.832002, 2.670279, 0.388551, 2.659736, 148.673676, 1.071962, 2.558120, 0.832198, 3.446250
1763497980.641551, 242.439331, 551.674805, 786.598816, 794.114136, 76.277763, 30.529531, 2, 3.290100, 1.623768, 1.994200, 2.587989, 0.393665, 2.624265, 157.229660, 1.158075, 2.438608, 0.946727, 3.472972
1763497981.430691, 234.956345, 545.379761, 789.103943, 780.336121, 76.035614, 30.109632, 2, 3.219849, 1.645804, 1.238292, 2.540795, 0.386692, 2.659063, 154.236313, 1.081912, 2.412687, 0.580699, 3.344198
1763497982.213569, 232.818344, 547.517761, 782.841187, 780.336121, 76.643898, 29.835648, 2, 3.307361, 1.660517, 3.066769, 2.589138, 0.386599, 2.682526, 151.912079, 0.974027, 2.542512, 0.803437, 3.410932
1763497983.000217, 240.301331, 555.065308, 786.598816, 795.366638, 76.277763, 30.212650, 2, 3.331235, 1.640341, 3.109708, 2.620345, 0.394176, 2.650398, 140.965515, 1.070181, 2.511220, 0.843323, 3.460666
1763497983.779338, 230.680344, 537.130249, 779.083557, 767.810608, 77.013565, 30.043911, 2, 3.276437, 1.649309, 2.653272, 2.552618, 0.380463, 2.664635, 143.372940, 1.273184, 2.361709, 0.776787, 3.539198
1763497984.568478, 230.680344, 558.423584, 789.103943, 789.103943, 76.035614, 29.233202, 2, 3.477662, 1.693838, 3.973002, 2.744237, 0.390735, 2.736343, 119.332527, 1.282565, 2.597760, 1.134908, 3.443339
1763497985.352608, 234.956345, 554.147583, 784.093750, 789.103943, 76.521461, 29.775084, 2, 3.464679, 1.663806, 3.559099, 2.716633, 0.390922, 2.687796, 133.209549, 1.254677, 2.565788, 1.001514, 3.308834
1763497986.158044, 236.025330, 570.614258, 805.387024, 806.639587, 74.498344, 29.260319, 2, 3.415999, 1.692308, 1.627258, 2.751201, 0.399428, 2.733852, 180.477951, 0.923297, 2.494804, 0.520904, 3.389685
1763497986.957205, 234.956345, 562.915405, 799.124329, 797.871765, 75.082184, 29.447884, 2, 3.257654, 1.681807, 2.070377, 2.603271, 0.395151, 2.716804, 163.407181, 1.020541, 2.455033, 0.752505, 3.367536
1763497987.742588, 236.025330, 550.573486, 785.346252, 786.598816, 76.399422, 30.005806, 2, 3.391903, 1.651348, 3.283275, 2.663818, 0.389760, 2.667882, 140.088791, 1.170018, 2.517964, 0.741339, 3.506449
1763497988.538003, 229.611359, 558.239990, 795.366638, 787.851379, 75.436905, 29.143995, 2, 3.404290, 1.698889, 1.737189, 2.707659, 0.390084, 2.744584, 159.122452, 1.078553, 2.467017, 0.767694, 3.319744
1763497989.327145, 236.025330, 560.593872, 789.103943, 796.619202, 76.035614, 29.628376, 2, 3.481249, 1.671828, 3.940760, 2.747067, 0.394594, 2.700689, 120.469063, 1.578720, 2.324467, 1.005631, 3.489910
1763497990.125053, 236.025330, 561.846436, 797.871765, 797.871765, 75.200058, 29.581863, 2, 3.384481, 1.674388, 1.973837, 2.700382, 0.395198, 2.704815, 151.613312, 1.069148, 2.465244, 0.740062, 3.390944
1763497990.910436, 231.749359, 548.586792, 785.346252, 780.336121, 76.399422, 29.698658, 2, 3.353867, 1.667975, 2.840487, 2.633947, 0.386552, 2.694489, 165.072159, 0.903336, 2.598491, 0.806469, 3.447634
1763497991.703346, 228.542343, 560.561584, 792.861572, 789.103943, 75.675255, 28.962261, 2, 3.208162, 1.709275, 1.234493, 2.543629, 0.390642, 2.761596, 131.048203, 1.094506, 2.504200, 0.741180, 3.323786
1763497992.483719, 230.680344, 552.160828, 780.336121, 782.841187, 76.889946, 29.467068, 2, 3.366930, 1.680741, 1.878145, 2.627337, 0.387714, 2.715078, 166.800598, 1.019964, 2.473789, 0.638794, 3.415544
1763497993.267849, 228.542343, 553.046265, 784.093750, 781.588623, 76.521461, 29.240746, 2, 3.303084, 1.693412, 1.535955, 2.589928, 0.387016, 2.735650, 174.793945, 0.983714, 2.603026, 0.566379, 3.294395
1763497994.043212, 231.749359, 547.334229, 775.325928, 779.083557, 77.386810, 29.746407, 2, 3.326393, 1.665368, 2.608930, 2.579039, 0.385948, 2.690302, 139.425308, 0.885377, 2.596677, 0.831152, 3.414448
1763497994.819840, 228.542343, 544.278442, 776.578430, 772.820801, 77.261993, 29.572491, 2, 3.334882, 1.674905, 1.136403, 2.589797, 0.382787, 2.705648, 129.175262, 1.106028, 2.448116, 0.812337, 3.346538
1763497995.603970, 234.956345, 556.652649, 784.093750, 791.609009, 76.521461, 29.680857, 2, 3.423928, 1.668949, 2.511763, 2.684681, 0.392130, 2.696056, 169.177017, 0.998247, 2.513165, 0.697986, 3.463908
1763497996.396868, 224.266357, 556.069763, 792.861572, 780.336121, 75.675255, 28.739712, 2, 3.316847, 1.722173, 1.849039, 2.629800, 0.386225, 2.782851, 177.580856, 0.968090, 2.540606, 0.573809, 3.304639
1763497997.191031, 223.197357, 569.664185, 794.114136, 792.861572, 75.555893, 28.150860, 2, 3.281365, 1.757283, 1.473243, 2.605778, 0.392221, 2.841425, 146.788437, 0.949532, 2.609601, 0.688890, 3.290840
1763497997.973909, 236.025330, 561.846436, 782.841187, 797.871765, 76.643898, 29.581863, 2, 3.351419, 1.674388, 2.430273, 2.623629, 0.395198, 2.704815, 155.116745, 0.849172, 2.596873, 0.677531, 3.402580
1763497998.758039, 236.025330, 548.068420, 784.093750, 784.093750, 76.521461, 30.101671, 2, 3.379376, 1.646228, 1.564139, 2.649748, 0.388551, 2.659736, 152.133865, 1.218948, 2.399909, 0.721774, 3.346366
1763497999.554695, 230.680344, 559.676086, 796.619202, 790.356445, 75.318298, 29.186874, 2, 3.422696, 1.696457, 2.733839, 2.726585, 0.391339, 2.740613, 155.576004, 1.081009, 2.480385, 0.795829, 3.397852
1763498000.348859, 234.956345, 564.167969, 794.114136, 799.124329, 75.555893, 29.401726, 2, 3.440956, 1.684379, 1.609661, 2.732512, 0.395756, 2.720971, 166.055069, 0.903511, 2.483274, 0.556338, 3.507824
1763498001.155535, 236.025330, 571.866821, 806.639587, 807.892151, 74.382660, 29.214954, 2, 3.317129, 1.694868, 1.701922, 2.675727, 0.400032, 2.738023, 160.680618, 0.841312, 2.629013, 0.689870, 3.348455
1763498001.945928, 237.094315, 554.514709, 790.356445, 791.609009, 75.915115, 29.950937, 2, 3.286661, 1.654293, 3.739084, 2.597634, 0.392223, 2.672578, 121.183792, 1.138043, 2.443559, 0.968342, 3.541033
1763498002.763889, 225.335358, 578.799072, 817.912476, 804.134460, 73.357483, 28.022099, 2, 3.316835, 1.765157, 1.679198, 2.712881, 0.397752, 2.854706, 156.368881, 1.077758, 2.512358, 0.576297, 3.272151
1763498003.543009, 234.956345, 555.400085, 779.083557, 790.356445, 77.013565, 29.727898, 2, 3.450391, 1.666377, 3.567584, 2.688143, 0.391526, 2.691923, 146.808456, 1.079557, 2.551650, 0.928394, 3.459913
1763498004.334655, 237.094315, 557.019836, 791.609009, 794.114136, 75.794991, 29.856453, 2, 3.282270, 1.659390, 3.888783, 2.598275, 0.393432, 2.680722, 128.494598, 1.260306, 2.507497, 0.920880, 3.445755
1763498005.141343, 232.818344, 568.811035, 806.639587, 801.629395, 74.382660, 29.043140, 2, 3.297295, 1.704636, 2.500216, 2.659729, 0.396871, 2.753988, 155.497116, 1.199795, 2.422127, 0.776977, 3.268349
1763498005.926727, 228.542343, 551.793762, 785.346252, 780.336121, 76.399422, 29.287682, 2, 3.335386, 1.690768, 2.268180, 2.619433, 0.386412, 2.731346, 163.968185, 0.990558, 2.493415, 0.748691, 3.303805
1763498006.712110, 239.232315, 558.639465, 785.346252, 797.871765, 76.399422, 29.983803, 2, 3.434256, 1.652528, 3.013205, 2.697080, 0.395338, 2.669762, 156.945526, 0.969403, 2.561759, 0.880740, 3.363557
1763498007.508766, 240.301331, 557.570435, 796.619202, 797.871765, 75.318298, 30.117788, 2, 3.337043, 1.645370, 3.022796, 2.658353, 0.395385, 2.658373, 150.960480, 1.129538, 2.540330, 0.930763, 3.477628
1763498008.312949, 232.818344, 562.548279, 804.134460, 795.366638, 74.614388, 29.271826, 2, 3.337419, 1.691660, 1.289384, 2.683733, 0.393850, 2.732798, 196.720291, 1.086159, 2.528178, 0.549565, 3.261975
1763498009.094574, 243.508316, 550.605835, 781.588623, 794.114136, 76.766724, 30.664146, 2, 3.389990, 1.616832, 2.108300, 2.649578, 0.393712, 2.613397, 153.852646, 1.207154, 2.438141, 0.988612, 3.400700
1763498009.892482, 241.370316, 553.996338, 797.871765, 795.366638, 75.200058, 30.347050, 2, 3.290440, 1.633270, 2.697687, 2.625349, 0.394223, 2.639219, 168.309280, 1.000010, 2.433729, 0.620076, 3.404378
1763498010.687899, 241.370316, 553.996338, 795.366638, 795.366638, 75.436905, 30.347050, 2, 3.414633, 1.633270, 2.993358, 2.715885, 0.394223, 2.639219, 159.860367, 1.139892, 2.462170, 0.777902, 3.477252
1763498011.494575, 227.473358, 562.883057, 806.639587, 790.356445, 74.382660, 28.781111, 2, 3.359651, 1.719758, 1.938017, 2.710027, 0.391199, 2.778862, 188.583542, 1.163687, 2.506251, 0.696365, 3.235860
1763498012.289978, 232.818344, 568.811035, 795.366638, 801.629395, 75.436905, 29.043140, 2, 3.446943, 1.704636, 2.726461, 2.741584, 0.396871, 2.753988, 184.267822, 0.851644, 2.567421, 0.657558, 3.389028
1763498013.075373, 246.715332, 554.914062, 785.346252, 801.629395, 76.399422, 30.776733, 2, 3.503875, 1.611077, 3.855988, 2.751755, 0.397477, 2.604411, 123.871292, 1.203823, 2.495836, 0.902996, 3.479210
1763498013.865766, 242.439331, 542.906921, 790.356445, 785.346252, 75.915115, 30.870375, 2, 3.325959, 1.606322, 1.360176, 2.628694, 0.389436, 2.597008, 167.459915, 0.940152, 2.477800, 0.742924, 3.399584
1763498014.653654, 245.646317, 545.962708, 787.851379, 791.609009, 76.156494, 31.031269, 2, 3.361698, 1.598220, 3.409179, 2.648518, 0.392597, 2.584438, 144.280075, 1.269603, 2.466869, 0.887775, 3.435742
1763498015.442794, 239.232315, 542.356323, 789.103943, 781.588623, 76.035614, 30.608469, 2, 3.445150, 1.619693, 2.602733, 2.718581, 0.387483, 2.617876, 174.860168, 0.846079, 2.572209, 0.660962, 3.437227
1763498016.240716, 231.749359, 557.354614, 797.871765, 789.103943, 75.200058, 29.368675, 2, 3.347431, 1.686225, 2.023417, 2.670820, 0.390782, 2.723965, 177.503296, 0.746384, 2.637580, 0.702332, 3.392386
1763498017.028604, 229.611359, 555.734863, 787.851379, 785.346252, 76.156494, 29.236958, 2, 3.326512, 1.693625, 3.868973, 2.620797, 0.388876, 2.735998, 150.525818, 1.038413, 2.595762, 0.956755, 3.360523
1763498017.815239, 241.370316, 559.006531, 786.598816, 800.376831, 76.277763, 30.157084, 2, 3.475887, 1.643283, 1.588782, 2.734128, 0.396640, 2.655061, 175.864716, 1.172321, 2.440703, 0.774592, 3.444577
1763498018.605644, 240.301331, 548.802612, 790.356445, 789.103943, 75.915115, 30.452431, 2, 3.463394, 1.627769, 3.165523, 2.737315, 0.391155, 2.630552, 156.939072, 1.178135, 2.543503, 0.909886, 3.492653
1763498019.412321, 232.818344, 565.053406, 806.639587, 797.871765, 74.382660, 29.179918, 2, 3.458531, 1.696851, 3.139405, 2.789788, 0.395058, 2.741257, 170.076126, 0.873171, 2.546413, 0.540888, 3.438988
1763498020.205219, 233.887360, 560.226807, 792.861572, 794.114136, 75.675255, 29.452614, 2, 3.250324, 1.681544, 1.821261, 2.577057, 0.393292, 2.716378, 155.393509, 1.056956, 2.446592, 0.561001, 3.277960
1763498020.993107, 232.818344, 553.780457, 787.851379, 786.598816, 76.156494, 29.598104, 2, 3.371300, 1.673493, 2.264528, 2.656083, 0.389620, 2.703372, 169.767578, 0.864071, 2.530835, 0.605159, 3.360030
1763498021.781008, 227.473358, 554.115234, 787.851379, 781.588623, 76.156494, 29.103977, 2, 3.412390, 1.701164, 0.380569, 2.688456, 0.386970, 2.748304, 154.813843, 0.838831, 2.612324, 0.709653, 3.310204
1763498022.575158, 229.611359, 567.007812, 794.114136, 796.619202, 75.555893, 28.823227, 2, 3.462867, 1.717309, 2.406516, 2.749911, 0.394314, 2.774820, 194.081528, 0.932085, 2.548917, 0.459171, 3.336848
1763498023.360541, 221.059372, 554.266541, 785.346252, 775.325928, 76.399422, 28.511799, 2, 3.543312, 1.735590, 2.371803, 2.782727, 0.383668, 2.805111, 193.186539, 0.946003, 2.564163, 0.683299, 3.393915
1763498024.140926, 227.473358, 560.378052, 780.336121, 787.851379, 76.889946, 28.872623, 2, 3.568749, 1.714446, 3.671945, 2.784824, 0.389991, 2.770101, 121.458740, 0.909322, 2.639088, 0.915879, 3.396168
1763498024.913783, 233.887360, 546.448730, 772.820801, 780.336121, 77.637665, 29.972643, 2, 3.461594, 1.653127, 2.152641, 2.675192, 0.386645, 2.670717, 182.361008, 0.807284, 2.566993, 0.655983, 3.379825
1763498025.691651, 233.887360, 543.943604, 777.830994, 777.830994, 77.137581, 30.069176, 2, 3.431834, 1.647960, 1.285548, 2.669387, 0.385437, 2.662489, 184.869339, 0.988240, 2.568356, 0.667575, 3.265157
1763498026.469519, 228.542343, 543.025879, 777.830994, 771.568237, 77.137581, 29.620495, 2, 3.393628, 1.672261, 1.815100, 2.639669, 0.382183, 2.701387, 166.527145, 0.988240, 2.568356, 0.667575, 3.265157
1763498027.254915, 231.749359, 557.354614, 785.346252, 789.103943, 76.399422, 29.368675, 2, 3.495651, 1.686225, 3.924861, 2.745297, 0.390782, 2.723965, 121.798805, 0.988240, 2.568356, 0.667575, 3.265157
1763498028.047813, 239.232315, 562.397095, 792.861572, 801.629395, 75.675255, 29.843256, 2, 3.445742, 1.660105, 3.008446, 2.731996, 0.397151, 2.681866, 171.470291, 0.988240, 2.568356, 0.667575, 3.265157
1763498028.839458, 240.301331, 552.560242, 791.609009, 792.861572, 75.794991, 30.308107, 2, 3.367915, 1.635312, 2.984062, 2.666072, 0.392968, 2.642443, 162.279343, 0.988240, 2.568356, 0.667575, 3.265157
1763498029.632356, 244.577332, 553.294434, 792.861572, 797.871765, 75.675255, 30.653715, 2, 3.300221, 1.617367, 2.204360, 2.616618, 0.395571, 2.614234, 142.588394, 0.988240, 2.568356, 0.667575, 3.265157
1763498030.425267, 246.715332, 548.651306, 792.861572, 795.366638, 75.675255, 31.019072, 2, 3.418101, 1.598831, 3.677036, 2.710081, 0.394456, 2.585384, 132.885696, 0.988240, 2.568356, 0.667575, 3.265157
1763498031.230690, 240.301331, 557.570435, 805.387024, 797.871765, 74.498344, 30.117788, 2, 3.379744, 1.645370, 2.116895, 2.722002, 0.395385, 2.658373, 158.613403, 0.988240, 2.568356, 0.667575, 3.265157
1763498032.037366, 238.163330, 565.971130, 806.639587, 804.134460, 74.382660, 29.617352, 2, 3.299873, 1.672434, 2.340889, 2.661808, 0.398312, 2.701665, 155.127182, 0.988240, 2.568356, 0.667575, 3.265157
1763498032.837793, 238.163330, 562.213501, 800.376831, 800.376831, 74.964691, 29.756399, 2, 3.325507, 1.664823, 2.744869, 2.661659, 0.396500, 2.689427, 148.292191, 0.988240, 2.568356, 0.667575, 3.265157
1763498033.631944, 241.370316, 556.501465, 794.114136, 797.871765, 75.555893, 30.251768, 2, 3.413561, 1.638277, 2.664191, 2.710757, 0.395431, 2.647129, 144.770187, 0.988240, 2.568356, 0.667575, 3.265157
1763498034.439872, 239.232315, 566.154724, 807.892151, 805.387024, 74.267342, 29.704020, 2, 3.401703, 1.667682, 2.860481, 2.748209, 0.398963, 2.694018, 146.025833, 0.988240, 2.568356, 0.667575, 3.265157
1763498035.257834, 240.301331, 578.863647, 817.912476, 819.164978, 73.357483, 29.334911, 2, 3.295121, 1.688116, 2.804704, 2.695120, 0.405657, 2.727035, 170.754074, 0.988240, 2.568356, 0.667575, 3.265157
1763498036.074530, 232.818344, 575.073792, 816.659912, 807.892151, 73.469994, 28.817999, 2, 3.191485, 1.717613, 1.162595, 2.606358, 0.399892, 2.775321, 139.258286, 0.988240, 2.568356, 0.667575, 3.265157
1763498036.867428, 240.301331, 561.328064, 792.861572, 801.629395, 75.675255, 29.976612, 2, 3.323433, 1.652914, 2.438315, 2.635023, 0.397197, 2.670377, 140.089569, 0.988240, 2.568356, 0.667575, 3.265157
1763498037.662844, 239.232315, 554.881836, 795.366638, 794.114136, 75.436905, 30.125683, 2, 3.389561, 1.644951, 3.708945, 2.695944, 0.393525, 2.657707, 133.457611, 0.988240, 2.568356, 0.667575, 3.265157
1763498038.468268, 245.646317, 567.255981, 805.387024, 812.902283, 74.498344, 30.218431, 2, 3.264585, 1.640036, 3.338720, 2.629255, 0.402869, 2.649914, 143.810745, 0.988240, 2.568356, 0.667575, 3.265157
1763498039.271187, 243.508316, 556.868530, 802.881958, 800.376831, 74.730789, 30.424208, 2, 3.274345, 1.629239, 3.128780, 2.628912, 0.396733, 2.632865, 158.285278, 0.988240, 2.568356, 0.667575, 3.265157
1763498040.069107, 250.991302, 555.648315, 797.871765, 806.639587, 75.200058, 31.115669, 2, 3.235927, 1.594003, 3.781729, 2.581855, 0.400081, 2.577918, 136.031509, 0.988240, 2.568356, 0.667575, 3.265157
1763498040.868268, 254.198318, 548.683655, 799.124329, 802.881958, 75.082184, 31.660732, 2, 3.166030, 1.567313, 4.186040, 2.530052, 0.398408, 2.536998, 111.234322, 0.988240, 2.568356, 0.667575, 3.265157
1763498041.667429, 240.301331, 542.539856, 799.124329, 782.841187, 75.082184, 30.696053, 2, 3.310431, 1.615197, 2.979635, 2.645446, 0.388134, 2.610841, 163.843811, 0.988240, 2.568356, 0.667575, 3.265157
1763498042.449066, 250.991302, 543.122803, 781.588623, 794.114136, 76.766724, 31.606451, 2, 3.407551, 1.569930, 5.345558, 2.663303, 0.394039, 2.540983, 113.893867, 0.988240, 2.568356, 0.667575, 3.265157
1763498043.248227, 246.715332, 547.398804, 799.124329, 794.114136, 75.082184, 31.067995, 2, 3.213101, 1.596382, 3.368896, 2.567667, 0.393852, 2.581594, 134.210831, 0.988240, 2.568356, 0.667575, 3.265157
1763498044.037368, 239.232315, 541.103821, 789.103943, 780.336121, 76.035614, 30.657598, 2, 3.323328, 1.617168, 5.416608, 2.622451, 0.386879, 2.613923, 108.899101, 0.988240, 2.568356, 0.667575, 3.265157
1763498044.802711, 223.197357, 523.320068, 765.305542, 746.517395, 78.400063, 29.898479, 2, 3.602293, 1.657119, 2.348046, 2.756855, 0.369865, 2.677091, 171.078323, 0.988240, 2.568356, 0.667575, 3.265157
1763498045.604389, 226.404358, 578.982666, 801.629395, 805.387024, 74.847557, 28.111250, 2, 3.612414, 1.759698, 3.289657, 2.895817, 0.398403, 2.845492, 169.190948, 0.988240, 2.568356, 0.667575, 3.265157
1763498046.403550, 214.645386, 570.700867, 799.124329, 785.346252, 75.082184, 27.331305, 2, 3.502686, 1.808668, 3.560648, 2.799082, 0.388222, 2.929038, 125.623398, 0.988240, 2.568356, 0.667575, 3.265157
1763498047.203963, 226.404358, 587.750427, 800.376831, 814.154785, 74.964691, 27.808514, 2, 3.397217, 1.778379, 1.536177, 2.719054, 0.402633, 2.877124, 186.773682, 0.988240, 2.568356, 0.667575, 3.265157
1763498047.986853, 238.163330, 558.455872, 782.841187, 796.619202, 76.643898, 29.896759, 2, 3.487765, 1.657212, 4.254839, 2.730366, 0.394687, 2.677239, 119.770996, 0.988240, 2.568356, 0.667575, 3.265157
1763498048.799792, 227.473358, 572.903442, 812.902283, 800.376831, 73.809608, 28.420782, 2, 3.509863, 1.741009, 2.089633, 2.853175, 0.396033, 2.814144, 174.753922, 0.988240, 2.568356, 0.667575, 3.265157
1763498049.600206, 236.025330, 574.371887, 800.376831, 810.397217, 74.964691, 29.124647, 2, 3.457870, 1.699988, 3.187103, 2.767599, 0.401240, 2.746381, 140.583115, 0.988240, 2.568356, 0.667575, 3.265157
1763498050.411905, 237.094315, 575.807983, 811.649780, 812.902283, 73.923508, 29.166397, 2, 3.388374, 1.697617, 1.736783, 2.750173, 0.402495, 2.742507, 155.960739, 0.988240, 2.568356, 0.667575, 3.265157
1763498051.217328, 231.749359, 567.375000, 805.387024, 799.124329, 74.498344, 29.000414, 2, 3.493046, 1.707084, 2.614242, 2.813254, 0.395616, 2.757999, 170.126999, 0.988240, 2.568356, 0.667575, 3.265157
1763498052.022752, 236.025330, 574.371887, 805.387024, 810.397217, 74.498344, 29.124647, 2, 3.456942, 1.699988, 2.133569, 2.784176, 0.401240, 2.746381, 152.752151, 0.988240, 2.568356, 0.667575, 3.265157
1763498052.828188, 227.473358, 567.893311, 805.387024, 795.366638, 74.498344, 28.599812, 2, 3.508222, 1.730383, 2.636044, 2.825477, 0.393616, 2.796455, 168.862350, 0.988240, 2.568356, 0.667575, 3.265157
1763498053.613570, 233.887360, 558.974243, 785.346252, 792.861572, 76.399422, 29.499140, 2, 3.557591, 1.678961, 3.340564, 2.793941, 0.392688, 2.712199, 170.221848, 0.988240, 2.568356, 0.667575, 3.265157
1763498054.397701, 239.232315, 551.124146, 784.093750, 790.356445, 76.521461, 30.268913, 2, 3.474967, 1.637373, 3.289029, 2.724700, 0.391713, 2.645701, 134.836273, 0.988240, 2.568356, 0.667575, 3.265157
1763498055.194370, 238.163330, 557.203308, 796.619202, 795.366638, 75.318298, 29.943842, 2, 3.424896, 1.654675, 3.424710, 2.728338, 0.394083, 2.673187, 161.325516, 0.988240, 2.568356, 0.667575, 3.265157
1763498055.989773, 236.025330, 556.836243, 795.366638, 792.861572, 75.436905, 29.768795, 2, 3.337030, 1.664148, 3.126714, 2.654162, 0.392781, 2.688344, 143.376846, 0.988240, 2.568356, 0.667575, 3.265157
1763498056.781418, 237.094315, 555.767273, 791.609009, 792.861572, 75.794991, 29.903620, 2, 3.386129, 1.656842, 3.020435, 2.680490, 0.392828, 2.676648, 155.608963, 0.988240, 2.568356, 0.667575, 3.265157
1763498057.570571, 237.094315, 552.009644, 789.103943, 789.103943, 76.035614, 30.046019, 2, 3.312203, 1.649196, 2.492801, 2.613672, 0.391015, 2.664456, 167.690964, 0.988240, 2.568356, 0.667575, 3.265157
1763498058.363469, 232.818344, 555.033020, 792.861572, 787.851379, 75.675255, 29.551050, 2, 3.282027, 1.676088, 2.882431, 2.602193, 0.390224, 2.707558, 172.812912, 0.988240, 2.568356, 0.667575, 3.265157
1763498059.155115, 240.301331, 560.075500, 791.609009, 800.376831, 75.794991, 30.023523, 2, 3.364760, 1.650399, 3.184631, 2.663574, 0.396593, 2.666371, 150.994400, 0.988240, 2.568356, 0.667575, 3.265157
1763498059.948013, 240.301331, 552.560242, 792.861572, 792.861572, 75.675255, 30.308107, 2, 3.395310, 1.635312, 3.224657, 2.692011, 0.392968, 2.642443, 156.601944, 0.988240, 2.568356, 0.667575, 3.265157
1763498060.735914, 241.370316, 547.733643, 787.851379, 789.103943, 76.156494, 30.587900, 2, 3.320089, 1.620753, 3.679359, 2.615737, 0.391202, 2.619536, 144.528839, 0.988240, 2.568356, 0.667575, 3.265157
1763498061.521297, 243.508316, 544.343079, 785.346252, 787.851379, 76.399422, 30.907900, 2, 3.385540, 1.604425, 3.364100, 2.658821, 0.390691, 2.594060, 141.128647, 0.988240, 2.568356, 0.667575, 3.265157
1763498062.319205, 232.818344, 552.527893, 797.871765, 785.346252, 75.200058, 29.645311, 2, 3.304739, 1.670898, 1.988039, 2.636758, 0.389016, 2.699191, 167.632477, 0.988240, 2.568356, 0.667575, 3.265157
1763498063.103348, 241.370316, 552.743835, 784.093750, 794.114136, 76.521461, 30.394915, 2, 3.365149, 1.630767, 4.395390, 2.638592, 0.393619, 2.635272, 114.434998, 0.988240, 2.568356, 0.667575, 3.265157
1763498063.888730, 237.094315, 543.241821, 785.346252, 780.336121, 76.399422, 30.383614, 2, 3.443580, 1.631357, 3.217648, 2.704403, 0.386785, 2.636202, 147.985703, 0.988240, 2.568356, 0.667575, 3.265157
1763498064.677871, 236.025330, 551.826050, 789.103943, 787.851379, 76.035614, 29.958101, 2, 3.439634, 1.653908, 2.720964, 2.714229, 0.390364, 2.671963, 174.222351, 0.988240, 2.568356, 0.667575, 3.265157
1763498065.483295, 238.163330, 569.728821, 805.387024, 807.892151, 74.498344, 29.479593, 2, 3.319668, 1.680045, 2.640065, 2.673617, 0.400125, 2.713953, 175.192154, 0.988240, 2.568356, 0.667575, 3.265157
1763498066.268691, 243.508316, 548.100708, 785.346252, 791.609009, 76.399422, 30.761185, 2, 3.326488, 1.611869, 3.089308, 2.612445, 0.392504, 2.605646, 152.025681, 0.988240, 2.568356, 0.667575, 3.265157
1763498067.056578, 239.232315, 543.608887, 787.851379, 782.841187, 76.156494, 30.559496, 2, 3.461533, 1.622219, 2.797658, 2.727173, 0.388087, 2.621835, 149.496490, 0.988240, 2.568356, 0.667575, 3.265157
1763498067.845719, 233.887360, 548.953857, 789.103943, 782.841187, 76.035614, 29.876732, 2, 3.497633, 1.658293, 4.337915, 2.759996, 0.387854, 2.678968, 119.816895, 0.988240, 2.568356, 0.667575, 3.265157
1763498068.627356, 246.715332, 549.903870, 781.588623, 796.619202, 76.766724, 30.970297, 2, 3.459795, 1.601280, 4.217470, 2.704137, 0.395060, 2.589180, 128.808899, 0.988240, 2.568356, 0.667575, 3.265157
1763498069.427770, 234.956345, 551.642456, 800.376831, 786.598816, 74.964691, 29.869907, 2, 3.394032, 1.658662, 2.897740, 2.716505, 0.389713, 2.679558, 161.923325, 0.988240, 2.568356, 0.667575, 3.265157
1763498070.223173, 238.163330, 560.960999, 795.366638, 799.124329, 75.436905, 29.803038, 2, 3.381757, 1.662286, 0.998915, 2.689736, 0.395896, 2.685359, 174.243439, 0.988240, 2.568356, 0.667575, 3.265157
1763498071.006051, 242.439331, 545.412048, 782.841187, 787.851379, 76.643898, 30.772215, 2, 3.398568, 1.611307, 4.693127, 2.660539, 0.390644, 2.604770, 109.163864, 0.988240, 2.568356, 0.667575, 3.265157
1763498071.810235, 240.301331, 561.328064, 804.134460, 801.629395, 74.614388, 29.976612, 2, 3.388861, 1.652914, 3.870707, 2.725100, 0.397197, 2.670377, 123.681335, 0.988240, 2.568356, 0.667575, 3.265157
1763498072.603133, 240.301331, 552.560242, 792.861572, 792.861572, 75.675255, 30.308107, 2, 3.456587, 1.635312, 4.149408, 2.740595, 0.392968, 2.642443, 124.968513, 0.988240, 2.568356, 0.667575, 3.265157
1763498073.417324, 224.266357, 571.100281, 814.154785, 795.366638, 73.696060, 28.196600, 2, 3.460646, 1.754504, 0.539601, 2.817501, 0.393476, 2.836750, 188.636734, 0.988240, 2.568356, 0.667575, 3.265157
1763498074.206477, 244.577332, 568.324951, 789.103943, 812.902283, 76.035614, 30.086929, 2, 3.498385, 1.647013, 4.276752, 2.760590, 0.402822, 2.660984, 123.074501, 0.988240, 2.568356, 0.667575, 3.265157
1763498075.026931, 228.542343, 573.087036, 820.417542, 801.629395, 73.133492, 28.509727, 2, 3.429220, 1.735713, 2.250178, 2.813392, 0.396684, 2.805316, 192.395096, 0.988240, 2.568356, 0.667575, 3.265157
1763498075.808556, 221.059372, 551.761414, 781.588623, 772.820801, 76.766724, 28.604221, 2, 3.702783, 1.730123, 2.350739, 2.894053, 0.382460, 2.796023, 174.895401, 0.988240, 2.568356, 0.667575, 3.265157
1763498076.582680, 225.335358, 553.748169, 774.073364, 779.083557, 77.512032, 28.923130, 2, 3.671635, 1.711528, 2.093175, 2.842114, 0.385668, 2.765300, 182.166183, 0.988240, 2.568356, 0.667575, 3.265157
1763498077.366810, 233.887360, 560.226807, 784.093750, 794.114136, 76.521461, 29.452614, 2, 3.585747, 1.681544, 3.699280, 2.811562, 0.393292, 2.716378, 156.961670, 0.988240, 2.568356, 0.667575, 3.265157
1763498078.172233, 238.163330, 572.233887, 805.387024, 810.397217, 74.498344, 29.388470, 2, 3.647518, 1.685119, 4.177298, 2.937664, 0.401334, 2.722171, 122.262474, 0.988240, 2.568356, 0.667575, 3.265157
1763498078.977669, 234.956345, 566.673035, 805.387024, 801.629395, 74.498344, 29.309845, 2, 3.638021, 1.689522, 3.388705, 2.930015, 0.396964, 2.729321, 142.569260, 0.988240, 2.568356, 0.667575, 3.265157
1763498079.780588, 232.818344, 567.558472, 802.881958, 800.376831, 74.730789, 29.088593, 2, 3.644795, 1.702041, 3.730341, 2.926340, 0.396266, 2.749738, 131.519073, 0.988240, 2.568356, 0.667575, 3.265157
1763498080.587264, 229.611359, 573.270630, 806.639587, 802.881958, 74.382660, 28.598394, 2, 3.471193, 1.730467, 3.064850, 2.800002, 0.397335, 2.796594, 169.208817, 0.988240, 2.568356, 0.667575, 3.265157
1763498081.380174, 231.749359, 563.617310, 792.861572, 795.366638, 75.675255, 29.137426, 2, 3.538748, 1.699262, 3.624062, 2.805737, 0.393803, 2.745193, 147.676315, 0.988240, 2.568356, 0.667575, 3.265157
1763498082.186851, 231.749359, 574.890259, 806.639587, 806.639587, 74.382660, 28.730223, 2, 3.574388, 1.722727, 3.137044, 2.883243, 0.399241, 2.783768, 155.881622, 0.988240, 2.568356, 0.667575, 3.265157
1763498082.991022, 226.404358, 571.467407, 804.134460, 797.871765, 74.614388, 28.376034, 2, 3.536590, 1.743685, 3.834555, 2.843894, 0.394778, 2.818616, 133.527466, 0.988240, 2.568356, 0.667575, 3.265157
1763498083.781427, 236.025330, 565.604065, 790.356445, 801.629395, 75.915115, 29.443199, 2, 3.560855, 1.682068, 5.268754, 2.814345, 0.397011, 2.717226, 124.215599, 0.988240, 2.568356, 0.667575, 3.265157
1763498084.581841, 237.094315, 564.535095, 800.376831, 801.629395, 74.964691, 29.576550, 2, 3.527447, 1.674681, 4.097726, 2.823287, 0.397057, 2.705287, 119.270828, 0.988240, 2.568356, 0.667575, 3.265157
1763498085.369729, 241.370316, 551.491272, 787.851379, 792.861572, 76.156494, 30.442932, 2, 3.457724, 1.628263, 3.699612, 2.724172, 0.393014, 2.631330, 117.571404, 0.988240, 2.568356, 0.667575, 3.265157
1763498086.158869, 224.266357, 544.796814, 789.103943, 769.063171, 76.035614, 29.160980, 2, 3.551397, 1.697924, 4.026861, 2.802422, 0.380787, 2.743009, 117.776955, 0.988240, 2.568356, 0.667575, 3.265157
1763498086.956790, 234.956345, 575.440857, 797.871765, 810.397217, 75.200058, 28.992739, 2, 3.494095, 1.707524, 3.582118, 2.787840, 0.401194, 2.758722, 119.964600, 0.988240, 2.568356, 0.667575, 3.265157
1763498087.758457, 233.887360, 566.489502, 801.629395, 800.376831, 74.847557, 29.222155, 2, 3.498052, 1.694461, 3.410470, 2.804141, 0.396313, 2.737360, 130.371109, 0.988240, 2.568356, 0.667575, 3.265157
1763498088.547597, 242.439331, 556.684998, 789.103943, 799.124329, 76.035614, 30.338123, 2, 3.563530, 1.633738, 4.057405, 2.811996, 0.396082, 2.639957, 125.999420, 0.988240, 2.568356, 0.667575, 3.265157
1763498089.345518, 238.163330, 554.698242, 797.871765, 792.861572, 75.200058, 30.038448, 2, 3.540210, 1.649601, 3.930394, 2.824634, 0.392874, 2.665100, 151.785553, 0.988240, 2.568356, 0.667575, 3.265157
1763498090.144678, 238.163330, 560.960999, 799.124329, 799.124329, 75.082184, 29.803038, 2, 3.459903, 1.662286, 3.660509, 2.764892, 0.395896, 2.685359, 148.789597, 0.988240, 2.568356, 0.667575, 3.265157
1763498090.943839, 236.025330, 560.593872, 799.124329, 796.619202, 75.082184, 29.628376, 2, 3.447189, 1.671828, 4.493479, 2.754733, 0.394594, 2.700689, 114.638763, 0.988240, 2.568356, 0.667575, 3.265157
1763498091.745517, 237.094315, 565.787659, 801.629395, 802.881958, 74.847557, 29.530409, 2, 3.489036, 1.677229, 2.317686, 2.796914, 0.397662, 2.709401, 167.246140, 0.988240, 2.568356, 0.667575, 3.265157
1763498092.535910, 237.094315, 553.262146, 790.356445, 790.356445, 75.915115, 29.998404, 2, 3.549078, 1.651745, 4.162800, 2.805037, 0.391619, 2.668514, 128.599915, 0.988240, 2.568356, 0.667575, 3.265157
1763498093.343840, 237.094315, 570.797852, 807.892151, 807.892151, 74.267342, 29.347273, 2, 3.536246, 1.687423, 2.802823, 2.856905, 0.400079, 2.725910, 174.264420, 0.988240, 2.568356, 0.667575, 3.265157
1763498094.138003, 242.439331, 557.937500, 794.114136, 800.376831, 75.555893, 30.290648, 2, 3.535445, 1.636230, 4.134321, 2.807547, 0.396686, 2.643893, 111.221893, 0.988240, 2.568356, 0.667575, 3.265157
1763498094.934659, 229.611359, 551.977295, 796.619202, 781.588623, 75.318298, 29.377520, 2, 3.565921, 1.685731, 2.796146, 2.840681, 0.387063, 2.723163, 150.381180, 0.988240, 2.568356, 0.667575, 3.265157
1763498095.723799, 240.301331, 561.328064, 789.103943, 801.629395, 76.035614, 29.976612, 2, 3.634987, 1.652914, 3.255275, 2.868383, 0.397197, 2.670377, 151.217178, 0.988240, 2.568356, 0.667575, 3.265157
1763498096.536750, 239.232315, 572.417480, 812.902283, 811.649780, 73.809608, 29.474821, 2, 3.537666, 1.680310, 3.150434, 2.875776, 0.401984, 2.714381, 158.340561, 0.988240, 2.568356, 0.667575, 3.265157
1763498097.338416, 240.301331, 562.580627, 801.629395, 802.881958, 74.847557, 29.929846, 2, 3.493062, 1.655428, 3.266047, 2.800141, 0.397802, 2.674390, 153.427963, 0.988240, 2.568356, 0.667575, 3.265157
1763498098.131314, 238.163330, 552.193115, 792.861572, 790.356445, 75.675255, 30.133661, 2, 3.437655, 1.644526, 2.921645, 2.725584, 0.391666, 2.657034, 167.376633, 0.988240, 2.568356, 0.667575, 3.265157
1763498098.920456, 231.749359, 549.839233, 789.103943, 781.588623, 76.035614, 29.651066, 2, 3.500683, 1.670582, 3.189907, 2.762402, 0.387156, 2.698683, 149.614243, 0.988240, 2.568356, 0.667575, 3.265157
1763498099.717124, 226.404358, 563.952087, 796.619202, 790.356445, 75.318298, 28.645855, 2, 3.572519, 1.727672, 2.218711, 2.845937, 0.391153, 2.791957, 171.856125, 0.988240, 2.568356, 0.667575, 3.265157
1763498100.496244, 233.887360, 553.963989, 779.083557, 787.851379, 77.013565, 29.686737, 2, 3.532436, 1.668627, 2.751103, 2.752063, 0.390271, 2.695538, 161.462219, 0.988240, 2.568356, 0.667575, 3.265157
1763498101.291647, 242.439331, 562.947693, 795.366638, 805.387024, 75.436905, 30.102215, 2, 3.375718, 1.646199, 3.098014, 2.684934, 0.399103, 2.659690, 176.958069, 0.988240, 2.568356, 0.667575, 3.265157
1763498102.099588, 239.232315, 564.902161, 807.892151, 804.134460, 74.267342, 29.750288, 2, 3.317530, 1.665156, 3.306331, 2.680206, 0.398359, 2.689962, 150.210648, 0.988240, 2.568356, 0.667575, 3.265157
1763498102.900001, 230.680344, 559.676086, 800.376831, 790.356445, 74.964691, 29.186874, 2, 3.416583, 1.696457, 1.981436, 2.734554, 0.391339, 2.740613, 138.348145, 0.988240, 2.568356, 0.667575, 3.265157
1763498103.702920, 213.576385, 569.264771, 802.881958, 782.841187, 74.730789, 27.282211, 2, 3.703935, 1.811844, 1.633603, 2.973823, 0.386967, 2.934527, 180.873764, 0.988240, 2.568356, 0.667575, 3.265157
1763498104.483306, 232.818344, 570.063599, 780.336121, 802.881958, 76.889946, 28.997829, 2, 3.848224, 1.707232, 3.645126, 3.002908, 0.397475, 2.758243, 156.668793, 0.988240, 2.568356, 0.667575, 3.265157
1763498105.272446, 227.473358, 555.367798, 789.103943, 782.841187, 76.035614, 29.057407, 2, 3.803050, 1.703821, 3.599494, 3.001001, 0.387574, 2.752652, 156.605087, 0.988240, 2.568356, 0.667575, 3.265157
1763498106.075365, 233.887360, 576.509888, 802.881958, 810.397217, 74.730789, 28.860828, 2, 3.737645, 1.715129, 3.096133, 3.000888, 0.401147, 2.771225, 166.792618, 0.988240, 2.568356, 0.667575, 3.265157
1763498106.878295, 233.887360, 568.994629, 802.881958, 802.881958, 74.730789, 29.130978, 2, 3.718357, 1.699628, 3.039655, 2.985402, 0.397522, 2.745792, 165.338120, 0.988240, 2.568356, 0.667575, 3.265157
1763498107.689982, 236.025330, 578.129456, 811.649780, 814.154785, 73.923508, 28.990227, 2, 3.552297, 1.707668, 1.428053, 2.883221, 0.403053, 2.758959, 161.590790, 0.988240, 2.568356, 0.667575, 3.265157
1763498108.500415, 233.887360, 574.004761, 810.397217, 807.892151, 74.037766, 28.950319, 2, 3.497635, 1.709962, 2.355719, 2.834473, 0.399938, 2.762725, 162.969193, 0.988240, 2.568356, 0.667575, 3.265157
1763498109.310861, 227.473358, 575.408569, 810.397217, 802.881958, 74.037766, 28.332106, 2, 3.520718, 1.746321, 1.074760, 2.853180, 0.397242, 2.823025, 171.033249, 0.988240, 2.568356, 0.667575, 3.265157
1763498110.116286, 230.680344, 578.464294, 805.387024, 809.144653, 74.498344, 28.509161, 2, 3.521781, 1.735747, 2.537401, 2.836397, 0.400403, 2.805372, 165.558426, 0.988240, 2.568356, 0.667575, 3.265157
1763498110.915447, 231.749359, 568.627441, 799.124329, 800.376831, 75.082184, 28.955030, 2, 3.648904, 1.709691, 3.558841, 2.915928, 0.396220, 2.762280, 162.234573, 0.988240, 2.568356, 0.667575, 3.265157
1763498111.720882, 234.956345, 574.188293, 805.387024, 809.144653, 74.498344, 29.037619, 2, 3.624078, 1.704952, 4.034349, 2.918786, 0.400589, 2.754505, 121.023888, 0.988240, 2.568356, 0.667575, 3.265157
1763498112.528811, 231.749359, 572.385132, 807.892151, 804.134460, 74.267342, 28.819729, 2, 3.655281, 1.717512, 1.826351, 2.953073, 0.398032, 2.775155, 184.436905, 0.988240, 2.568356, 0.667575, 3.265157
1763498113.312941, 236.025330, 553.078613, 784.093750, 789.103943, 76.521461, 29.910549, 2, 3.597569, 1.656468, 3.838908, 2.820831, 0.390968, 2.676050, 146.829178, 0.988240, 2.568356, 0.667575, 3.265157
1763498114.122135, 238.163330, 573.486450, 809.144653, 811.649780, 74.152374, 29.343117, 2, 3.632823, 1.687656, 3.410876, 2.939480, 0.401938, 2.726288, 150.659637, 0.988240, 2.568356, 0.667575, 3.265157
1763498114.922548, 230.680344, 560.928650, 800.376831, 791.609009, 74.964691, 29.140694, 2, 3.723042, 1.699076, 5.009382, 2.979836, 0.391943, 2.744890, 131.240570, 0.988240, 2.568356, 0.667575, 3.265157
1763498115.729225, 224.266357, 574.857971, 806.639587, 799.124329, 74.382660, 28.064013, 2, 3.673871, 1.762586, 2.894051, 2.963490, 0.395289, 2.850363, 156.202652, 0.988240, 2.568356, 0.667575, 3.265157
1763498116.539671, 232.818344, 587.599182, 810.397217, 820.417542, 74.037766, 28.378031, 2, 3.668465, 1.743566, 4.604628, 2.972914, 0.405934, 2.818416, 131.198517, 0.988240, 2.568356, 0.667575, 3.265157
1763498117.352610, 234.956345, 580.450989, 812.902283, 815.407349, 73.809608, 28.814596, 2, 3.644324, 1.717811, 3.112623, 2.962479, 0.403610, 2.775647, 165.561966, 0.988240, 2.568356, 0.667575, 3.265157
1763498118.158034, 233.887360, 570.247070, 805.387024, 804.134460, 74.498344, 29.085604, 2, 3.522739, 1.702211, 1.805029, 2.837168, 0.398126, 2.750017, 174.325516, 0.988240, 2.568356, 0.667575, 3.265157
1763498118.968480, 234.956345, 576.693420, 810.397217, 811.649780, 74.037766, 28.947998, 2, 3.570918, 1.710096, 1.268726, 2.893862, 0.401798, 2.762945, 196.626236, 0.988240, 2.568356, 0.667575, 3.265157
1763498119.766388, 241.370316, 564.016724, 797.871765, 805.387024, 75.200058, 29.969481, 2, 3.536994, 1.653297, 4.576924, 2.822068, 0.399057, 2.670988, 125.186440, 0.988240, 2.568356, 0.667575, 3.265157
1763498120.581845, 233.887360, 572.752197, 815.407349, 806.639587, 73.582855, 28.995275, 2, 3.548860, 1.707378, 3.344364, 2.893766, 0.399334, 2.758483, 114.958687, 0.988240, 2.568356, 0.667575, 3.265157
1763498121.389774, 229.611359, 573.270630, 807.892151, 802.881958, 74.267342, 28.598394, 2, 3.517861, 1.730467, 3.034379, 2.842052, 0.397335, 2.796594, 186.700912, 0.988240, 2.568356, 0.667575, 3.265157
1763498122.202713, 233.887360, 584.025146, 812.902283, 817.912476, 73.809608, 28.595648, 2, 3.577546, 1.730629, 2.358375, 2.908195, 0.404772, 2.796863, 183.098602, 0.988240, 2.568356, 0.667575, 3.265157
1763498123.011906, 230.680344, 574.706665, 809.144653, 805.387024, 74.152374, 28.642172, 2, 3.522208, 1.727889, 1.728741, 2.849976, 0.398590, 2.792316, 195.068008, 0.988240, 2.568356, 0.667575, 3.265157
1763498123.814824, 222.128372, 570.733215, 802.881958, 792.861572, 74.730789, 28.016033, 2, 3.552632, 1.765530, 1.995196, 2.852345, 0.392174, 2.855335, 183.882385, 0.988240, 2.568356, 0.667575, 3.265157
1763498124.612733, 231.749359, 577.395264, 797.871765, 809.144653, 75.200058, 28.641277, 2, 3.619450, 1.727941, 2.700454, 2.887857, 0.400449, 2.792403, 183.401703, 0.988240, 2.568356, 0.667575, 3.265157
1763498125.416916, 228.542343, 571.834473, 804.134460, 800.376831, 74.614388, 28.554344, 2, 3.580643, 1.733069, 1.931155, 2.879319, 0.396080, 2.800917, 182.531906, 0.988240, 2.568356, 0.667575, 3.265157
1763498126.208563, 228.542343, 563.066650, 791.609009, 791.609009, 75.794991, 28.870609, 2, 3.623551, 1.714563, 2.848197, 2.868436, 0.391850, 2.770293, 189.701096, 0.988240, 2.568356, 0.667575, 3.265157
1763498127.013986, 232.818344, 577.578857, 805.387024, 810.397217, 74.498344, 28.728918, 2, 3.585769, 1.722803, 1.984350, 2.887932, 0.401100, 2.783894, 189.940933, 0.988240, 2.568356, 0.667575, 3.265157
1763498127.820674, 233.887360, 574.004761, 806.639587, 807.892151, 74.382660, 28.950319, 2, 3.576253, 1.709962, 1.804402, 2.884747, 0.399938, 2.762725, 181.758347, 0.988240, 2.568356, 0.667575, 3.265157
1763498128.623593, 228.542343, 568.076843, 802.881958, 796.619202, 74.730789, 28.689034, 2, 3.653061, 1.725138, 3.557439, 2.932977, 0.394267, 2.787757, 112.300995, 0.988240, 2.568356, 0.667575, 3.265157
1763498129.427764, 230.680344, 575.959229, 804.134460, 806.639587, 74.614388, 28.597698, 2, 3.617101, 1.730508, 2.009804, 2.908636, 0.399194, 2.796662, 192.410934, 0.988240, 2.568356, 0.667575, 3.265157
1763498130.223179, 227.473358, 564.135620, 795.366638, 791.609009, 75.436905, 28.735569, 2, 3.565679, 1.722415, 2.400577, 2.836022, 0.391803, 2.783251, 192.486343, 0.988240, 2.568356, 0.667575, 3.265157
1763498131.021088, 232.818344, 571.316101, 797.871765, 804.134460, 75.200058, 28.952663, 2, 3.549769, 1.709827, 2.799060, 2.832261, 0.398079, 2.762503, 158.005646, 0.988240, 2.568356, 0.667575, 3.265157
1763498131.820249, 224.266357, 564.837585, 799.124329, 789.103943, 75.082184, 28.420383, 2, 3.609910, 1.741032, 3.482110, 2.884767, 0.390455, 2.814184, 143.640167, 0.988240, 2.568356, 0.667575, 3.265157
1763498132.635706, 221.059372, 590.590393, 815.407349, 811.649780, 73.582855, 27.235809, 2, 3.638989, 1.814857, 2.200561, 2.967259, 0.401191, 2.939741, 207.266983, 0.988240, 2.568356, 0.667575, 3.265157
1763498133.423594, 234.956345, 569.178101, 787.851379, 804.134460, 76.156494, 29.218540, 2, 3.710337, 1.694666, 2.711004, 2.923194, 0.398172, 2.737693, 167.727188, 0.988240, 2.568356, 0.667575, 3.265157
1763498134.237785, 229.611359, 578.280762, 814.154785, 807.892151, 73.696060, 28.421041, 2, 3.598743, 1.740993, 2.628556, 2.929934, 0.399752, 2.814118, 176.106369, 0.988240, 2.568356, 0.667575, 3.265157
1763498135.038211, 237.094315, 572.050354, 800.376831, 809.144653, 74.964691, 29.301846, 2, 3.565739, 1.689972, 3.279770, 2.853935, 0.400683, 2.730051, 158.164032, 0.988240, 2.568356, 0.667575, 3.265157
1763498135.856160, 232.818344, 580.083923, 817.912476, 812.902283, 73.357483, 28.640387, 2, 3.542928, 1.727994, 2.018363, 2.897805, 0.402309, 2.792490, 213.973251, 0.988240, 2.568356, 0.667575, 3.265157
1763498136.667846, 236.025330, 579.382019, 811.649780, 815.407349, 73.923508, 28.945696, 2, 3.518201, 1.710228, 1.759397, 2.855547, 0.403657, 2.763163, 207.494431, 0.988240, 2.568356, 0.667575, 3.265157
1763498137.478293, 241.370316, 575.289612, 810.397217, 816.659912, 74.037766, 29.555794, 2, 3.451131, 1.675826, 3.508302, 2.796787, 0.404495, 2.707135, 125.734665, 0.988240, 2.568356, 0.667575, 3.265157
1763498138.287474, 260.612305, 571.078186, 809.144653, 831.690491, 74.152374, 31.335253, 2, 3.202801, 1.583139, 3.306515, 2.591529, 0.412586, 2.561188, 153.099503, 0.988240, 2.568356, 0.667575, 3.265157
1763498139.094162, 284.130219, 550.065308, 806.639587, 834.195557, 74.382660, 34.060387, 2, 2.830761, 1.459967, 2.852735, 2.283404, 0.414821, 2.378534, 140.218918, 0.988240, 2.568356, 0.667575, 3.265157
1763498139.883303, 287.337219, 505.524353, 789.103943, 792.861572, 76.035614, 36.240528, 2, 2.330796, 1.374766, 0.645216, 1.839240, 0.395021, 2.259728, 102.134453, 0.988240, 2.568356, 0.667575, 3.265157
1763498140.710020, 258.474304, 534.387268, 826.680298, 792.861572, 72.579445, 32.600178, 2, 2.516606, 1.523406, -0.640281, 2.080429, 0.393761, 2.470998, 65.012390, 0.988240, 2.568356, 0.667575, 3.265157
1763498141.521718, 243.508316, 550.605835, 811.649780, 794.114136, 73.923508, 30.664146, 2, 2.906581, 1.616832, 0.617622, 2.359126, 0.393712, 2.613397, 109.823006, 0.988240, 2.568356, 0.667575, 3.265157
1763498142.320879, 233.887360, 553.963989, 799.124329, 787.851379, 75.082184, 29.686737, 2, 3.118391, 1.668627, 2.383128, 2.491982, 0.390271, 2.695538, 154.486496, 0.988240, 2.568356, 0.667575, 3.265157
1763498143.125051, 229.611359, 569.512939, 804.134460, 799.124329, 74.614388, 28.732872, 2, 3.524079, 1.722572, 2.477381, 2.833833, 0.395522, 2.783511, 173.203262, 0.988240, 2.568356, 0.667575, 3.265157
1763498143.912951, 234.956345, 559.157776, 787.851379, 794.114136, 76.156494, 29.587227, 2, 3.635142, 1.674092, 2.760178, 2.863952, 0.393339, 2.704338, 167.563980, 0.988240, 2.568356, 0.667575, 3.265157
1763498144.707102, 232.818344, 558.790649, 794.114136, 791.609009, 75.555893, 29.410774, 2, 3.595250, 1.683874, 2.967904, 2.855039, 0.392037, 2.720152, 152.026993, 0.988240, 2.568356, 0.667575, 3.265157
1763498145.503758, 242.439331, 565.452820, 796.619202, 807.892151, 75.318298, 30.008873, 2, 3.446276, 1.651184, 3.569539, 2.745370, 0.400312, 2.667620, 130.691833, 0.988240, 2.568356, 0.667575, 3.265157
1763498146.307941, 245.646317, 562.245850, 804.134460, 807.892151, 74.614388, 30.405830, 2, 3.173306, 1.630197, 2.082366, 2.551764, 0.400452, 2.634374, 163.079056, 0.988240, 2.568356, 0.667575, 3.265157
1763498147.104597, 237.094315, 549.504517, 796.619202, 786.598816, 75.318298, 30.141708, 2, 3.132256, 1.644099, 1.709854, 2.495215, 0.389807, 2.656355, 144.049759, 0.988240, 2.568356, 0.667575, 3.265157
1763498147.879959, 241.370316, 538.965820, 775.325928, 780.336121, 77.386810, 30.931583, 2, 3.275232, 1.603230, 2.746455, 2.539372, 0.386972, 2.592204, 149.451279, 0.988240, 2.568356, 0.667575, 3.265157
1763498148.662838, 232.818344, 540.002441, 782.841187, 772.820801, 76.643898, 30.125788, 2, 3.271477, 1.644945, 1.953252, 2.561047, 0.382973, 2.657698, 119.408585, 0.988240, 2.568356, 0.667575, 3.265157
1763498149.440718, 223.197357, 543.360718, 777.830994, 766.558044, 77.137581, 29.116825, 2, 3.578315, 1.700433, 3.698100, 2.783324, 0.379532, 2.747108, 180.505508, 0.988240, 2.568356, 0.667575, 3.265157
1763498150.216080, 225.335358, 552.495605, 775.325928, 777.830994, 77.386810, 28.969707, 2, 3.687460, 1.708847, 1.993720, 2.858984, 0.385064, 2.760893, 165.065399, 0.988240, 2.568356, 0.667575, 3.265157
1763498151.005220, 237.094315, 565.787659, 789.103943, 802.881958, 76.035614, 29.530409, 2, 3.648732, 1.677229, 3.771584, 2.879229, 0.397662, 2.709401, 122.459648, 0.988240, 2.568356, 0.667575, 3.265157
1763498151.810644, 231.749359, 567.375000, 805.387024, 799.124329, 74.498344, 29.000414, 2, 3.512642, 1.707084, 2.778402, 2.829036, 0.395616, 2.757999, 163.791275, 0.988240, 2.568356, 0.667575, 3.265157
1763498152.603554, 240.301331, 562.580627, 792.861572, 802.881958, 75.675255, 29.929846, 2, 3.607031, 1.655428, 4.254876, 2.859876, 0.397802, 2.674390, 133.838654, 0.988240, 2.568356, 0.667575, 3.265157
1763498153.392696, 245.646317, 549.720337, 789.103943, 795.366638, 76.035614, 30.884665, 2, 3.453490, 1.605599, 2.234168, 2.725162, 0.394410, 2.595884, 173.265488, 0.988240, 2.568356, 0.667575, 3.265157
1763498154.178079, 243.508316, 539.332886, 785.346252, 782.841187, 76.399422, 31.105713, 2, 3.478569, 1.594500, 2.688797, 2.731881, 0.388274, 2.578684, 151.097595, 0.988240, 2.568356, 0.667575, 3.265157
1763498154.972242, 254.198318, 552.441284, 794.114136, 806.639587, 75.555893, 31.513247, 2, 3.557081, 1.574444, 5.238357, 2.824728, 0.400221, 2.547871, 114.925842, 0.988240, 2.568356, 0.667575, 3.265157
1763498155.773907, 230.680344, 543.393005, 801.629395, 774.073364, 74.847557, 29.800838, 2, 3.570282, 1.662405, 1.761020, 2.862043, 0.383484, 2.685551, 196.136200, 0.988240, 2.568356, 0.667575, 3.265157
1763498156.524219, 246.715332, 522.347839, 750.275024, 769.063171, 79.970673, 32.079983, 2, 3.705370, 1.547400, 5.572024, 2.780047, 0.381767, 2.506863, 94.564293, 0.988240, 2.568356, 0.667575, 3.265157
1763498157.344673, 227.473358, 570.398438, 820.417542, 797.871765, 73.133492, 28.510015, 2, 3.598078, 1.735696, 2.429868, 2.951926, 0.394825, 2.805288, 189.837784, 0.988240, 2.568356, 0.667575, 3.265157
1763498158.108775, 228.542343, 536.763184, 764.052979, 765.305542, 78.528587, 29.862890, 2, 3.756385, 1.659042, 5.212165, 2.870077, 0.379161, 2.680165, 124.378357, 0.988240, 2.568356, 0.667575, 3.265157
1763498158.895411, 232.818344, 558.790649, 786.598816, 791.609009, 76.277763, 29.410774, 2, 3.741559, 1.683874, 3.299026, 2.943106, 0.392037, 2.720152, 159.412064, 0.988240, 2.568356, 0.667575, 3.265157
1763498159.688309, 237.094315, 560.777466, 792.861572, 797.871765, 75.675255, 29.715841, 2, 3.740667, 1.667036, 3.323816, 2.965831, 0.395245, 2.692980, 111.078613, 0.988240, 2.568356, 0.667575, 3.265157
1763498160.486218, 233.887360, 560.226807, 797.871765, 794.114136, 75.200058, 29.452614, 2, 3.538519, 1.681544, 3.001880, 2.823284, 0.393292, 2.716378, 175.691605, 0.988240, 2.568356, 0.667575, 3.265157
1763498161.291653, 231.749359, 571.132568, 805.387024, 802.881958, 74.498344, 28.864687, 2, 3.520589, 1.714905, 4.368903, 2.835437, 0.397428, 2.770858, 137.135071, 0.988240, 2.568356, 0.667575, 3.265157
1763498162.090814, 238.163330, 568.476257, 799.124329, 806.639587, 75.082184, 29.525372, 2, 3.485803, 1.677508, 2.547324, 2.785590, 0.399521, 2.709851, 176.388138, 0.988240, 2.568356, 0.667575, 3.265157
1763498162.878702, 232.818344, 548.770264, 787.851379, 781.588623, 76.156494, 29.787836, 2, 3.618139, 1.663112, 3.661985, 2.850556, 0.387203, 2.686683, 120.614136, 0.988240, 2.568356, 0.667575, 3.265157
1763498163.679128, 236.025330, 568.109131, 800.376831, 804.134460, 74.964691, 29.351477, 2, 3.606488, 1.687188, 3.431313, 2.886550, 0.398219, 2.725528, 166.738693, 0.988240, 2.568356, 0.667575, 3.265157
1763498164.475785, 230.680344, 559.676086, 796.619202, 790.356445, 75.318298, 29.186874, 2, 3.576285, 1.696457, 2.795297, 2.848937, 0.391339, 2.740613, 191.447098, 0.988240, 2.568356, 0.667575, 3.265157
1763498165.272440, 230.680344, 565.938843, 796.619202, 796.619202, 75.318298, 28.957418, 2, 3.496677, 1.709553, 2.558059, 2.785520, 0.394360, 2.762054, 163.221725, 0.988240, 2.568356, 0.667575, 3.265157
1763498166.064098, 233.887360, 561.479248, 791.609009, 795.366638, 75.794991, 29.406231, 2, 3.491388, 1.684128, 2.773458, 2.763814, 0.393896, 2.720563, 165.148193, 0.988240, 2.568356, 0.667575, 3.265157
1763498166.855744, 230.680344, 557.171021, 791.609009, 787.851379, 75.794991, 29.279678, 2, 3.489303, 1.691218, 2.755272, 2.762164, 0.390131, 2.732078, 145.487900, 0.988240, 2.568356, 0.667575, 3.265157
1763498167.648642, 231.749359, 562.364746, 792.861572, 794.114136, 75.675255, 29.183382, 2, 3.533704, 1.696655, 2.921866, 2.801738, 0.393199, 2.740937, 160.109238, 0.988240, 2.568356, 0.667575, 3.265157
1763498168.455330, 224.266357, 573.605408, 806.639587, 797.871765, 74.382660, 28.108068, 2, 3.589362, 1.759892, 3.432383, 2.895322, 0.394685, 2.845819, 170.032822, 0.988240, 2.568356, 0.667575, 3.265157
1763498169.246976, 230.680344, 568.443970, 791.609009, 799.124329, 75.794991, 28.866640, 2, 3.571552, 1.714792, 2.939020, 2.827272, 0.395569, 2.770671, 148.197952, 0.988240, 2.568356, 0.667575, 3.265157
1763498170.034865, 236.025330, 558.088806, 787.851379, 794.114136, 76.156494, 29.721838, 2, 3.589968, 1.666708, 3.502289, 2.828361, 0.393385, 2.692454, 121.716904, 0.988240, 2.568356, 0.667575, 3.265157
1763498170.842805, 228.542343, 570.581970, 807.892151, 799.124329, 74.267342, 28.599098, 2, 3.546701, 1.730425, 3.198502, 2.865352, 0.395476, 2.796525, 154.733734, 0.988240, 2.568356, 0.667575, 3.265157
1763498171.655744, 231.749359, 584.910522, 812.902283, 816.659912, 73.809608, 28.377707, 2, 3.586200, 1.743585, 1.697938, 2.915231, 0.404075, 2.818448, 175.557022, 0.988240, 2.568356, 0.667575, 3.265157
1763498172.464925, 225.335358, 576.294067, 809.144653, 801.629395, 74.152374, 28.109667, 2, 3.650593, 1.759795, 3.015824, 2.953858, 0.396544, 2.845655, 183.657272, 0.988240, 2.568356, 0.667575, 3.265157
1763498173.255331, 237.094315, 567.040161, 790.356445, 804.134460, 75.915115, 29.484411, 2, 3.722990, 1.679778, 3.998751, 2.942489, 0.398266, 2.713520, 130.519379, 0.988240, 2.568356, 0.667575, 3.265157
1763498174.075785, 224.266357, 581.120667, 820.417542, 805.387024, 73.133492, 27.845787, 2, 3.448627, 1.776057, 1.958048, 2.829314, 0.398310, 2.873176, 180.371811, 0.988240, 2.568356, 0.667575, 3.265157
1763498174.872441, 232.818344, 573.821228, 796.619202, 806.639587, 75.318298, 28.862747, 2, 3.544361, 1.715018, 2.793895, 2.823506, 0.399288, 2.771043, 178.944885, 0.988240, 2.568356, 0.667575, 3.265157
1763498175.672867, 230.680344, 567.191406, 800.376831, 797.871765, 74.964691, 28.911957, 2, 3.536990, 1.712173, 2.124236, 2.830925, 0.394965, 2.766360, 173.143814, 0.988240, 2.568356, 0.667575, 3.265157
1763498176.470775, 230.680344, 567.191406, 797.871765, 797.871765, 75.200058, 28.911957, 2, 3.573554, 1.712173, 3.369080, 2.851238, 0.394965, 2.766360, 159.104172, 0.988240, 2.568356, 0.667575, 3.265157
1763498177.278704, 224.266357, 576.110474, 807.892151, 800.376831, 74.267342, 28.020096, 2, 3.553879, 1.765281, 2.788546, 2.871151, 0.395893, 2.854914, 170.875626, 0.988240, 2.568356, 0.667575, 3.265157
1763498178.081635, 225.335358, 578.799072, 802.881958, 804.134460, 74.730789, 28.022099, 2, 3.621656, 1.765157, 2.833330, 2.907763, 0.397752, 2.854706, 194.240540, 0.988240, 2.568356, 0.667575, 3.265157
1763498178.874533, 219.990372, 566.608459, 792.861572, 786.598816, 75.675255, 27.967289, 2, 3.682161, 1.768531, 3.149107, 2.919444, 0.389060, 2.860412, 201.012253, 0.988240, 2.568356, 0.667575, 3.265157
1763498179.673694, 221.059372, 579.317444, 799.124329, 800.376831, 75.082184, 27.619413, 2, 3.718606, 1.790257, 3.152537, 2.971629, 0.395753, 2.897388, 186.498642, 0.988240, 2.568356, 0.667575, 3.265157
1763498180.472867, 230.680344, 579.716858, 799.124329, 810.397217, 75.082184, 28.465096, 2, 3.712526, 1.738366, 3.604732, 2.966770, 0.401007, 2.809736, 133.137756, 0.988240, 2.568356, 0.667575, 3.265157
1763498181.272029, 228.542343, 568.076843, 799.124329, 796.619202, 75.082184, 28.689034, 2, 3.725673, 1.725138, 2.595761, 2.977276, 0.394267, 2.787757, 174.867172, 0.988240, 2.568356, 0.667575, 3.265157
1763498182.079957, 233.887360, 580.267456, 807.892151, 814.154785, 74.267342, 28.727627, 2, 3.610048, 1.722879, 2.116268, 2.916530, 0.402960, 2.784019, 190.057724, 0.988240, 2.568356, 0.667575, 3.265157
1763498182.899171, 230.680344, 584.726990, 819.164978, 815.407349, 73.245316, 28.290197, 2, 3.446711, 1.748843, 2.134196, 2.823425, 0.403424, 2.827250, 181.074234, 0.988240, 2.568356, 0.667575, 3.265157
1763498183.708352, 234.956345, 579.198425, 809.144653, 814.154785, 74.152374, 28.858927, 2, 3.520190, 1.715239, 2.908844, 2.848343, 0.403006, 2.771407, 162.615677, 0.988240, 2.568356, 0.667575, 3.265157
1763498184.515028, 232.818344, 571.316101, 806.639587, 804.134460, 74.382660, 28.952663, 2, 3.564628, 1.709827, 2.383534, 2.875370, 0.398079, 2.762503, 187.484680, 0.988240, 2.568356, 0.667575, 3.265157
1763498185.310444, 237.094315, 563.282532, 795.366638, 800.376831, 75.436905, 29.622835, 2, 3.524096, 1.672132, 2.059827, 2.802948, 0.396453, 2.701180, 180.577637, 0.988240, 2.568356, 0.667575, 3.265157
1763498186.110857, 240.301331, 563.833130, 800.376831, 804.134460, 74.964691, 29.883226, 2, 3.591272, 1.657943, 3.768227, 2.874371, 0.398406, 2.678407, 126.045830, 0.988240, 2.568356, 0.667575, 3.265157
1763498186.923797, 232.818344, 571.316101, 812.902283, 804.134460, 73.809608, 28.952663, 2, 3.596000, 1.709827, 2.028360, 2.923196, 0.398079, 2.762503, 197.828049, 0.988240, 2.568356, 0.667575, 3.265157
1763498187.727980, 232.818344, 571.316101, 804.134460, 804.134460, 74.614388, 28.952663, 2, 3.577271, 1.709827, 3.412462, 2.876607, 0.398079, 2.762503, 163.440903, 0.988240, 2.568356, 0.667575, 3.265157
1763498188.540919, 236.025330, 580.634583, 812.902283, 816.659912, 73.809608, 28.901300, 2, 3.569059, 1.712788, 4.089168, 2.901296, 0.404261, 2.767372, 130.049652, 0.988240, 2.568356, 0.667575, 3.265157
1763498189.346343, 239.232315, 569.912354, 805.387024, 809.144653, 74.498344, 29.566076, 2, 3.546010, 1.675259, 2.956026, 2.855910, 0.400776, 2.706220, 183.079330, 0.988240, 2.568356, 0.667575, 3.265157
1763498190.168062, 239.232315, 582.437805, 821.670105, 821.670105, 73.022003, 29.115374, 2, 3.473624, 1.700516, 2.069824, 2.854173, 0.406818, 2.747243, 188.861832, 0.988240, 2.568356, 0.667575, 3.265157
1763498190.967222, 231.749359, 558.607056, 799.124329, 790.356445, 75.082184, 29.322132, 2, 3.579329, 1.688833, 2.173226, 2.860329, 0.391386, 2.728200, 177.921677, 0.988240, 2.568356, 0.667575, 3.265157
1763498191.777669, 237.094315, 579.565613, 810.397217, 816.659912, 74.037766, 29.032198, 2, 3.591811, 1.705262, 3.142245, 2.910794, 0.404308, 2.755013, 157.019043, 0.988240, 2.568356, 0.667575, 3.265157
1763498192.590608, 240.301331, 576.358582, 812.902283, 816.659912, 73.809608, 29.424896, 2, 3.429094, 1.683087, 1.808829, 2.787519, 0.404448, 2.718877, 166.625778, 0.988240, 2.568356, 0.667575, 3.265157
1763498193.392274, 240.301331, 561.328064, 801.629395, 801.629395, 74.847557, 29.976612, 2, 3.499368, 1.652914, 2.340152, 2.805196, 0.397197, 2.670377, 170.081497, 0.988240, 2.568356, 0.667575, 3.265157
1763498194.213993, 228.542343, 579.349792, 821.670105, 807.892151, 73.022003, 28.288719, 2, 3.546793, 1.748932, 2.226310, 2.914294, 0.399705, 2.827399, 203.194519, 0.988240, 2.568356, 0.667575, 3.265157
1763498195.026932, 234.956345, 585.461182, 812.902283, 820.417542, 73.809608, 28.638632, 2, 3.571679, 1.728097, 4.042465, 2.903426, 0.406027, 2.792661, 126.092728, 0.988240, 2.568356, 0.667575, 3.265157
1763498195.838618, 227.473358, 575.408569, 811.649780, 802.881958, 73.923508, 28.332106, 2, 3.687068, 1.746321, 3.039655, 2.992608, 0.397242, 2.823025, 219.785049, 0.988240, 2.568356, 0.667575, 3.265157
1763498196.627771, 211.438385, 558.877319, 789.103943, 770.315735, 76.035614, 27.448277, 2, 3.854256, 1.801146, 3.979384, 3.041409, 0.380831, 2.916073, 186.409988, 0.988240, 2.568356, 0.667575, 3.265157
1763498197.410650, 230.680344, 574.706665, 782.841187, 805.387024, 76.643898, 28.642172, 2, 3.895906, 1.727889, 3.206433, 3.049876, 0.398590, 2.792316, 173.170502, 0.988240, 2.568356, 0.667575, 3.265157
1763498198.213568, 233.887360, 572.752197, 802.881958, 806.639587, 74.730789, 28.995275, 2, 3.802579, 1.707378, 4.005244, 3.053022, 0.399334, 2.758483, 133.952972, 0.988240, 2.568356, 0.667575, 3.265157
1763498199.044055, 230.680344, 595.999939, 830.437927, 826.680298, 72.251038, 27.904421, 2, 3.492229, 1.772417, 2.326023, 2.900080, 0.408862, 2.866996, 172.018723, 0.988240, 2.568356, 0.667575, 3.265157
1763498199.853236, 226.404358, 577.730103, 809.144653, 804.134460, 74.152374, 28.155037, 2, 3.598458, 1.757029, 2.430753, 2.911673, 0.397799, 2.840997, 184.510727, 0.988240, 2.568356, 0.667575, 3.265157
1763498200.658672, 230.680344, 579.716858, 805.387024, 810.397217, 74.498344, 28.465096, 2, 3.704521, 1.738366, 2.276148, 2.983573, 0.401007, 2.809736, 187.774582, 0.988240, 2.568356, 0.667575, 3.265157
1763498201.460338, 232.818344, 571.316101, 801.629395, 804.134460, 74.847557, 28.952663, 2, 3.628146, 1.709827, 0.953577, 2.908428, 0.398079, 2.762503, 152.682358, 0.988240, 2.568356, 0.667575, 3.265157
1763498202.289560, 225.335358, 595.082153, 829.185364, 820.417542, 72.360176, 27.465937, 2, 3.530940, 1.800016, 1.242940, 2.927804, 0.405607, 2.914129, 170.526749, 0.988240, 2.568356, 0.667575, 3.265157
1763498203.086229, 232.818344, 572.568665, 796.619202, 805.387024, 75.318298, 28.907637, 2, 3.619980, 1.712422, 1.800049, 2.883746, 0.398683, 2.766770, 181.315842, 0.988240, 2.568356, 0.667575, 3.265157
1763498203.892905, 232.818344, 573.821228, 806.639587, 806.639587, 74.382660, 28.862747, 2, 3.636796, 1.715018, 2.558391, 2.933584, 0.399288, 2.771043, 176.180191, 0.988240, 2.568356, 0.667575, 3.265157
1763498204.704591, 228.542343, 578.097229, 811.649780, 806.639587, 73.923508, 28.332647, 2, 3.626883, 1.746289, 1.670824, 2.943759, 0.399101, 2.822970, 197.146957, 0.988240, 2.568356, 0.667575, 3.265157
1763498205.498754, 240.301331, 567.590820, 794.114136, 807.892151, 75.555893, 29.744234, 2, 3.579814, 1.665486, 2.523014, 2.842781, 0.400219, 2.690492, 167.784790, 0.988240, 2.568356, 0.667575, 3.265157
1763498206.324218, 231.749359, 583.657959, 825.427734, 815.407349, 72.689583, 28.421297, 2, 3.526234, 1.740978, 1.940009, 2.910652, 0.403470, 2.814093, 140.494019, 0.988240, 2.568356, 0.667575, 3.265157
1763498207.137157, 241.370316, 582.804871, 812.902283, 824.175171, 73.809608, 29.286289, 2, 3.574907, 1.690846, 1.999770, 2.906050, 0.408120, 2.731473, 172.273499, 0.988240, 2.568356, 0.667575, 3.265157
1763498207.945098, 232.818344, 565.053406, 807.892151, 797.871765, 74.267342, 29.179918, 2, 3.570911, 1.696851, 1.932262, 2.884911, 0.395058, 2.741257, 180.914536, 0.988240, 2.568356, 0.667575, 3.265157
1763498208.750522, 230.680344, 572.201599, 805.387024, 802.881958, 74.498344, 28.731541, 2, 3.606387, 1.722650, 2.479521, 2.904537, 0.397382, 2.783640, 179.035919, 0.988240, 2.568356, 0.667575, 3.265157
1763498209.565979, 228.542343, 584.359924, 815.407349, 812.902283, 73.582855, 28.114370, 2, 3.615889, 1.759507, 2.764310, 2.948422, 0.402122, 2.845171, 187.639420, 0.988240, 2.568356, 0.667575, 3.265157
1763498210.385180, 237.094315, 592.091064, 819.164978, 829.185364, 73.245316, 28.593645, 2, 3.583964, 1.730747, 2.763203, 2.935858, 0.410350, 2.797059, 162.450226, 0.988240, 2.568356, 0.667575, 3.265157
1763498211.200624, 240.301331, 578.863647, 815.407349, 819.164978, 73.582855, 29.334911, 2, 3.580276, 1.688116, 3.059870, 2.919384, 0.405657, 2.727035, 162.985703, 0.988240, 2.568356, 0.667575, 3.265157
1763498212.006060, 245.646317, 566.003479, 805.387024, 811.649780, 74.498344, 30.265062, 2, 3.532634, 1.637576, 3.393501, 2.845138, 0.402265, 2.646021, 154.727402, 0.988240, 2.568356, 0.667575, 3.265157
1763498212.824009, 236.025330, 570.614258, 817.912476, 806.639587, 73.357483, 29.260319, 2, 3.548815, 1.692308, 3.112291, 2.902620, 0.399428, 2.733852, 166.103958, 0.988240, 2.568356, 0.667575, 3.265157
1763498213.636948, 234.956345, 576.693420, 812.902283, 811.649780, 73.809608, 28.947998, 2, 3.625031, 1.710096, 2.449124, 2.946796, 0.401798, 2.762945, 193.761459, 0.988240, 2.568356, 0.667575, 3.265157
1763498214.456162, 242.439331, 585.493469, 819.164978, 827.932800, 73.245316, 29.282490, 2, 3.481288, 1.691060, 2.281755, 2.851749, 0.409979, 2.731821, 163.830948, 0.988240, 2.568356, 0.667575, 3.265157
1763498215.269101, 244.577332, 570.830017, 812.902283, 815.407349, 73.809608, 29.994497, 2, 3.526512, 1.651954, 2.007259, 2.866710, 0.404031, 2.668848, 183.919617, 0.988240, 2.568356, 0.667575, 3.265157
1763498216.070779, 238.163330, 555.950806, 801.629395, 794.114136, 74.847557, 29.991070, 2, 3.328490, 1.652138, 1.616523, 2.668216, 0.393479, 2.669141, 103.846596, 0.988240, 2.568356, 0.667575, 3.265157
1763498216.843637, 234.956345, 534.106812, 772.820801, 769.063171, 77.637665, 30.550980, 2, 3.599522, 1.622659, 1.572439, 2.781786, 0.381254, 2.622525, 167.934692, 0.988240, 2.568356, 0.667575, 3.265157
1763498217.627767, 219.990372, 546.567688, 784.093750, 766.558044, 76.521461, 28.698462, 2, 3.656278, 1.724585, 3.979642, 2.866864, 0.379392, 2.786842, 170.678589, 0.988240, 2.568356, 0.667575, 3.265157
1763498218.405635, 230.680344, 559.676086, 777.830994, 790.356445, 77.137581, 29.186874, 2, 3.971291, 1.696457, 4.374952, 3.088993, 0.391339, 2.740613, 121.370674, 0.988240, 2.568356, 0.667575, 3.265157
1763498219.218587, 226.404358, 581.487793, 812.902283, 807.892151, 73.809608, 28.024080, 2, 3.911457, 1.765036, 2.912385, 3.179632, 0.399612, 2.854500, 192.286667, 0.988240, 2.568356, 0.667575, 3.265157
1763498220.026515, 224.266357, 581.120667, 807.892151, 805.387024, 74.267342, 27.845787, 2, 3.820410, 1.776057, 2.762133, 3.086479, 0.398310, 2.873176, 169.711563, 0.988240, 2.568356, 0.667575, 3.265157
1763498220.830686, 231.749359, 581.152954, 804.134460, 812.902283, 74.614388, 28.508884, 2, 3.772943, 1.735763, 3.244835, 3.033953, 0.402262, 2.805399, 148.267502, 0.988240, 2.568356, 0.667575, 3.265157
1763498221.652405, 225.335358, 588.819458, 821.670105, 814.154785, 73.022003, 27.677214, 2, 3.662345, 1.786609, 1.788097, 3.009239, 0.402586, 2.891152, 186.759720, 0.988240, 2.568356, 0.667575, 3.265157
1763498222.439041, 241.370316, 564.016724, 786.598816, 805.387024, 76.277763, 29.969481, 2, 3.611800, 1.653297, 4.363222, 2.841038, 0.399057, 2.670988, 115.003937, 0.988240, 2.568356, 0.667575, 3.265157
1763498223.282053, 223.197357, 598.472778, 842.963379, 821.670105, 71.177467, 27.163866, 2, 3.392013, 1.819548, 1.543407, 2.859342, 0.406118, 2.947875, 107.175423, 0.988240, 2.568356, 0.667575, 3.265157
1763498224.068688, 249.922318, 567.990173, 786.598816, 817.912476, 76.277763, 30.556122, 2, 3.616362, 1.622393, 5.779271, 2.844626, 0.405472, 2.622108, 125.747292, 0.988240, 2.568356, 0.667575, 3.265157
1763498224.902921, 230.680344, 580.969421, 834.195557, 811.649780, 71.925583, 28.421167, 2, 3.316132, 1.740986, 2.129991, 2.766303, 0.401611, 2.814106, 131.886719, 0.988240, 2.568356, 0.667575, 3.265157
1763498225.693327, 233.887360, 560.226807, 790.356445, 794.114136, 75.915115, 29.452614, 2, 3.577823, 1.681544, 3.146119, 2.827755, 0.393292, 2.716378, 145.488373, 0.988240, 2.568356, 0.667575, 3.265157
1763498226.497498, 231.749359, 569.880005, 804.134460, 801.629395, 74.614388, 28.909788, 2, 3.693714, 1.712298, 1.015589, 2.970243, 0.396824, 2.766566, 154.959412, 0.988240, 2.568356, 0.667575, 3.265157
1763498227.295406, 230.680344, 565.938843, 797.871765, 796.619202, 75.200058, 28.957418, 2, 3.716027, 1.709553, 2.612435, 2.964913, 0.394360, 2.762054, 181.915359, 0.988240, 2.568356, 0.667575, 3.265157
1763498228.085811, 232.818344, 560.043213, 790.356445, 792.861572, 75.915115, 29.364311, 2, 3.822302, 1.686470, 3.841269, 3.020981, 0.392641, 2.724362, 131.634430, 0.988240, 2.568356, 0.667575, 3.265157
1763498228.891235, 231.749359, 572.385132, 805.387024, 804.134460, 74.498344, 28.819729, 2, 3.620907, 1.717512, 2.188904, 2.916231, 0.398032, 2.775155, 157.141129, 0.988240, 2.568356, 0.667575, 3.265157
1763498229.700416, 228.542343, 576.844666, 809.144653, 805.387024, 74.152374, 28.376711, 2, 3.565535, 1.743645, 1.622241, 2.885034, 0.398497, 2.818548, 173.413559, 0.988240, 2.568356, 0.667575, 3.265157
1763498230.478297, 224.266357, 548.554443, 777.830994, 772.820801, 77.137581, 29.019192, 2, 3.587743, 1.706007, 1.532894, 2.790658, 0.382600, 2.756234, 170.653122, 0.988240, 2.568356, 0.667575, 3.265157
1763498231.256164, 216.783386, 552.279785, 777.830994, 769.063171, 77.137581, 28.187981, 2, 3.710670, 1.755027, 2.098745, 2.886274, 0.380461, 2.837629, 187.941422, 0.988240, 2.568356, 0.667575, 3.265157
1763498232.040294, 231.749359, 569.880005, 784.093750, 801.629395, 76.521461, 28.909788, 2, 3.694686, 1.712298, 1.967713, 2.896980, 0.396824, 2.766566, 165.352554, 0.988240, 2.568356, 0.667575, 3.265157
1763498232.821920, 237.094315, 550.757080, 781.588623, 787.851379, 76.766724, 30.093786, 2, 3.649086, 1.646648, 2.782460, 2.852084, 0.390411, 2.660403, 177.936295, 0.988240, 2.568356, 0.667575, 3.265157
1763498233.587262, 250.991302, 530.597290, 765.305542, 781.588623, 78.400063, 32.112968, 2, 3.622808, 1.545856, 2.871216, 2.772555, 0.387996, 2.504540, 150.771866, 0.988240, 2.568356, 0.667575, 3.265157
1763498234.373909, 230.680344, 532.120056, 786.598816, 762.800415, 76.277763, 30.241245, 2, 3.623773, 1.638831, 1.980071, 2.850455, 0.378046, 2.648007, 174.574295, 0.988240, 2.568356, 0.667575, 3.265157
1763498235.175575, 230.680344, 570.949036, 801.629395, 801.629395, 74.847557, 28.776434, 2, 3.463556, 1.720031, 0.781560, 2.776489, 0.396777, 2.779312, 111.681511, 0.988240, 2.568356, 0.667575, 3.265157
1763498235.960959, 236.025330, 555.583679, 785.346252, 791.609009, 76.399422, 29.815897, 2, 3.591159, 1.661588, 1.289716, 2.820303, 0.392177, 2.684241, 153.757828, 0.988240, 2.568356, 0.667575, 3.265157
1763498236.752617, 226.404358, 553.931763, 791.609009, 780.336121, 75.794991, 29.013697, 2, 3.646896, 1.706322, 3.204958, 2.886915, 0.386319, 2.756750, 160.199066, 0.988240, 2.568356, 0.667575, 3.265157
1763498237.558040, 225.335358, 578.799072, 805.387024, 804.134460, 74.498344, 28.022099, 2, 3.566969, 1.765157, 1.976972, 2.872791, 0.397752, 2.854706, 178.152237, 0.988240, 2.568356, 0.667575, 3.265157
1763498238.360959, 233.887360, 579.014893, 802.881958, 812.902283, 74.730789, 28.771893, 2, 3.507584, 1.720295, 1.986564, 2.816176, 0.402355, 2.779748, 154.885788, 0.988240, 2.568356, 0.667575, 3.265157
1763498239.153869, 238.163330, 559.708435, 792.861572, 797.871765, 75.675255, 29.849825, 2, 3.526715, 1.659749, 1.510760, 2.796197, 0.395291, 2.681296, 140.499084, 0.988240, 2.568356, 0.667575, 3.265157
1763498239.940505, 228.542343, 546.783569, 786.598816, 775.325928, 76.277763, 29.476938, 2, 3.624084, 1.680193, 2.818427, 2.850700, 0.383995, 2.714191, 160.295975, 0.988240, 2.568356, 0.667575, 3.265157
1763498240.732150, 232.818344, 563.800842, 791.609009, 796.619202, 75.794991, 29.225803, 2, 3.357430, 1.694255, 4.307113, 2.657772, 0.394454, 2.737024, 150.258347, 0.988240, 2.568356, 0.667575, 3.265157
1763498241.522544, 227.473358, 556.620361, 790.356445, 784.093750, 75.915115, 29.010990, 2, 3.368222, 1.706477, 2.180640, 2.662096, 0.388178, 2.757005, 148.938919, 0.988240, 2.568356, 0.667575, 3.265157
1763498242.334243, 226.404358, 583.992859, 811.649780, 810.397217, 73.923508, 27.937454, 2, 3.629280, 1.770373, 1.838783, 2.945704, 0.400820, 2.863531, 172.894333, 0.988240, 2.568356, 0.667575, 3.265157
1763498243.125888, 232.818344, 566.305969, 791.609009, 799.124329, 75.794991, 29.134184, 2, 3.577927, 1.699446, 2.862473, 2.832319, 0.395662, 2.745495, 149.283203, 0.988240, 2.568356, 0.667575, 3.265157
1763498243.918786, 234.956345, 560.410278, 792.861572, 795.366638, 75.675255, 29.540634, 2, 3.639925, 1.676664, 3.730268, 2.885956, 0.393943, 2.708488, 160.286118, 0.988240, 2.568356, 0.667575, 3.265157
1763498244.722970, 226.404358, 567.709778, 804.134460, 794.114136, 74.614388, 28.510305, 2, 3.541095, 1.735679, 3.452598, 2.847517, 0.392965, 2.805259, 105.797501, 0.988240, 2.568356, 0.667575, 3.265157
1763498245.520878, 233.887360, 572.752197, 797.871765, 806.639587, 75.200058, 28.995275, 2, 3.562016, 1.707378, 2.332073, 2.842032, 0.399334, 2.758483, 187.517715, 0.988240, 2.568356, 0.667575, 3.265157
1763498246.303756, 241.370316, 550.238708, 782.841187, 791.609009, 76.643898, 30.491102, 2, 3.621611, 1.625760, 4.700025, 2.835146, 0.392410, 2.627393, 112.403389, 0.988240, 2.568356, 0.667575, 3.265157
1763498247.092909, 229.611359, 545.714600, 789.103943, 775.325928, 76.035614, 29.614819, 2, 3.643322, 1.672573, 5.313575, 2.874959, 0.384042, 2.701890, 127.162163, 0.988240, 2.568356, 0.667575, 3.265157
1763498247.885807, 236.025330, 564.351501, 792.861572, 800.376831, 75.675255, 29.489275, 2, 3.593896, 1.679508, 3.230190, 2.849462, 0.396406, 2.713083, 143.448059, 0.988240, 2.568356, 0.667575, 3.265157
1763498248.667433, 244.577332, 547.031677, 781.588623, 791.609009, 76.766724, 30.896229, 2, 3.610686, 1.605015, 4.337730, 2.822071, 0.392550, 2.594976, 116.482491, 0.988240, 2.568356, 0.667575, 3.265157
1763498249.454068, 240.301331, 541.287292, 786.598816, 781.588623, 76.277763, 30.745243, 2, 3.494026, 1.612682, 3.958799, 2.748397, 0.387530, 2.606915, 113.423553, 0.988240, 2.568356, 0.667575, 3.265157
1763498250.246978, 237.094315, 552.009644, 792.861572, 789.103943, 75.675255, 30.046019, 2, 3.584772, 1.649196, 3.324038, 2.842228, 0.391015, 2.664456, 154.665298, 0.988240, 2.568356, 0.667575, 3.265157
1763498251.039876, 231.749359, 554.849487, 792.861572, 786.598816, 75.675255, 29.462206, 2, 3.634612, 1.681011, 2.309164, 2.881744, 0.389573, 2.715515, 155.292175, 0.988240, 2.568356, 0.667575, 3.265157
1763498251.839037, 232.818344, 567.558472, 799.124329, 800.376831, 75.082184, 29.088593, 2, 3.517609, 1.702041, 3.550024, 2.811007, 0.396266, 2.749738, 123.095810, 0.988240, 2.568356, 0.667575, 3.265157
1763498252.624433, 240.301331, 553.812805, 785.346252, 794.114136, 76.399422, 30.260300, 2, 3.503708, 1.637827, 2.468712, 2.751624, 0.393572, 2.646418, 154.018753, 0.988240, 2.568356, 0.667575, 3.265157
1763498253.426099, 237.094315, 560.777466, 801.629395, 797.871765, 74.847557, 29.715841, 2, 3.476966, 1.667036, 1.271161, 2.787238, 0.395245, 2.692980, 166.198685, 0.988240, 2.568356, 0.667575, 3.265157
1763498254.227765, 233.887360, 563.984375, 801.629395, 797.871765, 74.847557, 29.313904, 2, 3.512009, 1.689294, 1.462951, 2.815330, 0.395105, 2.728950, 169.657822, 0.988240, 2.568356, 0.667575, 3.265157
1763498255.008150, 234.956345, 546.632263, 780.336121, 781.588623, 76.889946, 30.061382, 2, 3.650015, 1.648376, 2.923083, 2.848239, 0.387296, 2.663150, 163.548767, 0.988240, 2.568356, 0.667575, 3.265157
1763498255.816079, 224.266357, 571.100281, 807.892151, 795.366638, 74.267342, 28.196600, 2, 3.631867, 1.754504, 1.910608, 2.934156, 0.393476, 2.836750, 178.161331, 0.988240, 2.568356, 0.667575, 3.265157
1763498256.608977, 236.025330, 570.614258, 792.861572, 806.639587, 75.675255, 29.260319, 2, 3.657694, 1.692308, 1.305173, 2.900045, 0.399428, 2.733852, 170.295563, 0.988240, 2.568356, 0.667575, 3.265157
1763498257.403128, 230.680344, 557.171021, 794.114136, 787.851379, 75.555893, 29.279678, 2, 3.599297, 1.691218, 1.819121, 2.858253, 0.390131, 2.732078, 149.660049, 0.988240, 2.568356, 0.667575, 3.265157
1763498258.197291, 228.542343, 563.066650, 794.114136, 791.609009, 75.555893, 28.870609, 2, 3.501209, 1.714563, 0.326636, 2.780359, 0.391850, 2.770293, 151.357086, 0.988240, 2.568356, 0.667575, 3.265157
1763498258.936330, 263.819275, 516.516846, 739.002075, 780.336121, 81.190567, 33.808414, 2, 3.552666, 1.470523, 4.214814, 2.625427, 0.387952, 2.393682, 117.410393, 0.988240, 2.568356, 0.667575, 3.265157
1763498259.776825, 239.232315, 572.417480, 840.458313, 811.649780, 71.389618, 29.474821, 2, 3.423926, 1.680310, 1.374194, 2.877667, 0.401984, 2.714381, 163.199753, 0.988240, 2.568356, 0.667575, 3.265157
1763498260.549694, 252.060318, 535.791077, 772.820801, 787.851379, 77.637665, 31.993383, 2, 3.585544, 1.551471, 4.170657, 2.770983, 0.391064, 2.512996, 109.315689, 0.988240, 2.568356, 0.667575, 3.265157
1763498261.361381, 247.784317, 558.855286, 811.649780, 806.639587, 73.923508, 30.718094, 2, 3.385865, 1.614069, 2.615091, 2.748137, 0.399941, 2.609080, 160.383499, 0.988240, 2.568356, 0.667575, 3.265157
1763498262.160542, 263.819275, 554.093201, 799.124329, 817.912476, 75.082184, 32.255196, 2, 3.236861, 1.539232, 2.054625, 2.586654, 0.406079, 2.494599, 153.546585, 0.988240, 2.568356, 0.667575, 3.265157
1763498262.984766, 277.716248, 562.742065, 824.175171, 840.458313, 72.800056, 33.043430, 2, 2.862518, 1.503556, 3.005052, 2.359216, 0.417562, 2.441699, 139.815613, 0.988240, 2.568356, 0.667575, 3.265157
1763498263.790190, 287.337219, 529.322693, 805.387024, 816.659912, 74.498344, 35.184441, 2, 2.528024, 1.414720, 3.451676, 2.036038, 0.406502, 2.314672, 89.447456, 0.988240, 2.568356, 0.667575, 3.265157
1763498264.605634, 267.026245, 524.582764, 815.407349, 791.609009, 73.582855, 33.732086, 2, 2.838198, 1.473751, 2.540020, 2.314288, 0.393530, 2.398334, 124.703072, 0.988240, 2.568356, 0.667575, 3.265157
1763498265.402302, 296.958221, 534.732300, 796.619202, 831.690491, 75.318298, 35.705376, 2, 2.904710, 1.394716, 2.654526, 2.313947, 0.414172, 2.286994, 120.873589, 0.988240, 2.568356, 0.667575, 3.265157
1763498266.208978, 469.066864, 539.232544, 806.639587, 1008.299438, 74.382660, 46.520592, 2, 2.233243, 1.080619, 1.394004, 1.801423, 0.506883, 1.896971, 91.838448, 0.988240, 2.568356, 0.667575, 3.265157
1763498267.158457, 890.132019, 457.607361, 949.429810, 1347.739380, 63.195824, 66.046303, 3, 1.284123, 0.785996, 7.839562, 1.219185, 0.699640, 1.141282, 14.161757, 2.771096, 5.516781, 0.000000, 5.078047
1763498268.590191, 1000.000000, 1000.000000, 1431.660034, 2149.368652, 41.909389, 46.525291, 3, 0.857763, 0.776139, 11.160215, 1.228024, 0.776139, 0.982704, 10.000000, 2.771096, 5.516781, 0.000000, 5.078047
1763498270.598119, 917.755737, 401.175171, 2007.831177, 1318.930908, 29.882990, 69.583305, 3, 0.554609, 0.783296, 4.012542, 1.113561, 0.718874, 0.933187, 10.000000, 2.771096, 5.516781, 0.000000, 5.078047
1763498271.949689, 337.658875, 408.858521, 1351.496948, 746.517395, 44.395218, 45.231213, 3, 1.126114, 0.932788, 5.528926, 1.521939, 0.314964, 1.030491, 18.295774, 2.771096, 5.516781, 0.000000, 5.078047
1763498272.790184, 228.542343, 507.954651, 840.458313, 736.497009, 71.389618, 31.030994, 2, 3.069602, 1.598234, 1.598115, 2.579872, 0.365264, 2.584459, 105.365089, 0.988240, 2.568356, 0.667575, 3.265157
1763498273.593115, 221.059372, 573.054749, 802.881958, 794.114136, 74.730789, 27.837229, 2, 3.815296, 1.776590, 1.933442, 3.063232, 0.392732, 2.874081, 185.803482, 0.988240, 2.568356, 0.667575, 3.265157
1763498274.383509, 219.990372, 569.113586, 790.356445, 789.103943, 75.915115, 27.878506, 2, 3.808151, 1.774024, 1.125963, 3.009796, 0.390268, 2.869723, 151.442398, 0.988240, 2.568356, 0.667575, 3.265157
1763498275.163882, 224.266357, 561.079895, 780.336121, 785.346252, 76.889946, 28.556368, 2, 3.962250, 1.732949, 2.488743, 3.091887, 0.388642, 2.800718, 188.398392, 0.988240, 2.568356, 0.667575, 3.265157
1763498275.979338, 222.128372, 590.773926, 815.407349, 812.902283, 73.582855, 27.325348, 2, 3.926154, 1.809053, 3.066142, 3.201415, 0.401842, 2.929703, 187.756516, 0.988240, 2.568356, 0.667575, 3.265157
1763498276.794782, 225.335358, 593.829590, 815.407349, 819.164978, 73.582855, 27.507935, 2, 3.914904, 1.797335, 3.041721, 3.192241, 0.405003, 2.909522, 134.191711, 0.988240, 2.568356, 0.667575, 3.265157
1763498277.573902, 236.025330, 555.583679, 779.083557, 791.609009, 77.013565, 29.815897, 2, 3.721782, 1.661588, 3.555890, 2.899580, 0.392177, 2.684241, 188.346344, 0.988240, 2.568356, 0.667575, 3.265157
1763498278.359297, 248.853302, 551.523560, 785.346252, 800.376831, 76.399422, 31.092018, 2, 3.593059, 1.595183, 4.028373, 2.821795, 0.396966, 2.579740, 114.428894, 0.988240, 2.568356, 0.667575, 3.265157
1763498279.172236, 240.301331, 562.580627, 812.902283, 802.881958, 73.809608, 29.929846, 2, 3.390802, 1.655428, 2.062040, 2.756391, 0.397802, 2.674390, 177.563995, 0.988240, 2.568356, 0.667575, 3.265157
1763498279.963882, 242.439331, 551.674805, 791.609009, 794.114136, 75.794991, 30.529531, 2, 3.276126, 1.623768, 0.643777, 2.593411, 0.393665, 2.624265, 148.806656, 0.988240, 2.568356, 0.667575, 3.265157
1763498280.735487, 248.853302, 530.230225, 771.568237, 779.083557, 77.763702, 31.941799, 2, 3.301579, 1.553906, 2.498925, 2.547394, 0.386695, 2.516671, 126.237511, 0.988240, 2.568356, 0.667575, 3.265157
1763498281.489569, 250.991302, 505.546417, 754.032654, 756.537720, 79.572151, 33.176311, 2, 3.509103, 1.497709, 2.969675, 2.645978, 0.375912, 2.433132, 87.715683, 0.988240, 2.568356, 0.667575, 3.265157
1763498282.291234, 241.370316, 548.986145, 801.629395, 790.356445, 74.847557, 30.539427, 2, 3.562430, 1.623256, 3.383172, 2.855749, 0.391806, 2.623462, 131.406387, 0.988240, 2.568356, 0.667575, 3.265157
1763498283.095405, 231.749359, 561.112183, 804.134460, 792.861572, 74.614388, 29.229486, 2, 3.600402, 1.694047, 2.246931, 2.895207, 0.392594, 2.736685, 162.871353, 0.988240, 2.568356, 0.667575, 3.265157
1763498283.890821, 246.715332, 566.186951, 795.366638, 812.902283, 75.436905, 30.349937, 2, 3.411704, 1.633119, 3.541097, 2.713555, 0.402915, 2.638980, 114.963799, 0.988240, 2.568356, 0.667575, 3.265157
1763498284.688729, 232.818344, 548.770264, 797.871765, 781.588623, 75.200058, 29.787836, 2, 3.546132, 1.663112, 3.510036, 2.829358, 0.387203, 2.686683, 130.253738, 0.988240, 2.568356, 0.667575, 3.265157
1763498285.466598, 233.887360, 545.196167, 777.830994, 779.083557, 77.137581, 30.020830, 2, 3.775112, 1.650543, 2.421899, 2.936399, 0.386041, 2.666600, 178.309753, 0.988240, 2.568356, 0.667575, 3.265157
1763498286.259496, 230.680344, 558.423584, 792.861572, 789.103943, 75.675255, 29.233202, 2, 3.595054, 1.693838, 1.724093, 2.850380, 0.390735, 2.736343, 184.994431, 0.988240, 2.568356, 0.667575, 3.265157
1763498287.052406, 227.473358, 561.630615, 792.861572, 789.103943, 75.675255, 28.826794, 2, 3.469192, 1.717102, 2.028876, 2.750589, 0.390595, 2.774478, 179.839645, 0.988240, 2.568356, 0.667575, 3.265157
1763498287.817748, 238.163330, 539.667664, 765.305542, 777.830994, 78.400063, 30.618906, 2, 3.665170, 1.619156, 4.126906, 2.804975, 0.385624, 2.617034, 116.816925, 0.988240, 2.568356, 0.667575, 3.265157
1763498288.614404, 245.646317, 559.740723, 796.619202, 805.387024, 75.318298, 30.500406, 2, 3.523862, 1.625277, 2.718567, 2.807176, 0.399243, 2.626635, 159.946609, 0.988240, 2.568356, 0.667575, 3.265157
1763498289.408567, 245.646317, 548.467834, 794.114136, 794.114136, 75.555893, 30.933376, 2, 3.429963, 1.603140, 3.709499, 2.723782, 0.393805, 2.592064, 136.568069, 0.988240, 2.568356, 0.667575, 3.265157
1763498290.226516, 234.956345, 570.430664, 817.912476, 805.387024, 73.357483, 29.173098, 2, 3.596442, 1.697237, 3.097055, 2.941575, 0.398777, 2.741888, 157.969788, 0.988240, 2.568356, 0.667575, 3.265157
1763498291.029435, 233.887360, 567.742065, 802.881958, 801.629395, 74.730789, 29.176495, 2, 3.742699, 1.697045, 2.975946, 3.004945, 0.396917, 2.741573, 149.863419, 0.988240, 2.568356, 0.667575, 3.265157
1763498291.822346, 237.094315, 559.524902, 792.861572, 796.619202, 75.675255, 29.762566, 2, 3.794723, 1.664487, 2.943594, 3.008690, 0.394640, 2.688889, 140.499954, 0.988240, 2.568356, 0.667575, 3.265157
1763498292.607729, 230.680344, 547.150635, 785.346252, 777.830994, 76.399422, 29.656872, 2, 3.653787, 1.670264, 2.971593, 2.869488, 0.385297, 2.698170, 138.128860, 0.988240, 2.568356, 0.667575, 3.265157
1763498293.405637, 232.818344, 567.558472, 797.871765, 800.376831, 75.200058, 29.088593, 2, 3.415493, 1.702041, 1.197713, 2.725126, 0.396266, 2.749738, 97.371712, 0.988240, 2.568356, 0.667575, 3.265157
1763498294.207303, 228.542343, 568.076843, 801.629395, 796.619202, 74.847557, 28.689034, 2, 3.428249, 1.725138, 1.196902, 2.748186, 0.394267, 2.787757, 133.161148, 0.988240, 2.568356, 0.667575, 3.265157
1763498294.985183, 237.094315, 550.757080, 777.830994, 787.851379, 77.137581, 30.093786, 2, 3.678205, 1.646648, 3.152574, 2.861022, 0.390411, 2.660403, 140.505722, 0.988240, 2.568356, 0.667575, 3.265157
1763498295.805637, 231.749359, 582.405396, 820.417542, 814.154785, 73.133492, 28.465023, 2, 3.634989, 1.738370, 2.423486, 2.982209, 0.402866, 2.809743, 168.187363, 0.988240, 2.568356, 0.667575, 3.265157
1763498296.588515, 231.749359, 551.091797, 782.841187, 782.841187, 76.643898, 29.603624, 2, 3.725392, 1.673189, 2.822854, 2.916390, 0.387761, 2.702882, 155.724533, 0.988240, 2.568356, 0.667575, 3.265157
1763498297.380173, 234.956345, 560.410278, 791.609009, 795.366638, 75.794991, 29.540634, 2, 3.656679, 1.676664, 3.467465, 2.894660, 0.393943, 2.708488, 112.930328, 0.988240, 2.568356, 0.667575, 3.265157
1763498298.186849, 231.749359, 571.132568, 806.639587, 802.881958, 74.382660, 28.864687, 2, 3.610950, 1.714905, 2.056765, 2.912736, 0.397428, 2.770858, 149.950211, 0.988240, 2.568356, 0.667575, 3.265157
1763498298.978495, 224.266357, 558.574829, 791.609009, 782.841187, 75.794991, 28.647747, 2, 3.510067, 1.727561, 1.624269, 2.778600, 0.387434, 2.791772, 110.574379, 0.988240, 2.568356, 0.667575, 3.265157
1763498299.766395, 228.542343, 564.319214, 787.851379, 792.861572, 76.156494, 28.825001, 2, 3.642980, 1.717206, 3.126678, 2.870126, 0.392454, 2.774650, 143.368988, 0.988240, 2.568356, 0.667575, 3.265157
1763498300.551778, 224.266357, 556.069763, 785.346252, 780.336121, 76.399422, 28.739712, 2, 3.565264, 1.722173, 1.777694, 2.799967, 0.386225, 2.782851, 113.891579, 0.988240, 2.568356, 0.667575, 3.265157
1763498301.349686, 217.852371, 572.504089, 797.871765, 790.356445, 75.200058, 27.563814, 2, 3.509017, 1.793780, 1.821261, 2.799746, 0.390779, 2.903422, 142.940536, 0.988240, 2.568356, 0.667575, 3.265157
1763498302.140080, 233.887360, 575.257324, 790.356445, 809.144653, 75.915115, 28.905504, 2, 3.444454, 1.712545, 3.030396, 2.722346, 0.400543, 2.766973, 124.215813, 0.988240, 2.568356, 0.667575, 3.265157
1763498302.927980, 223.197357, 552.128540, 787.851379, 775.325928, 76.156494, 28.787554, 2, 3.553504, 1.719383, 2.971999, 2.799633, 0.383762, 2.778242, 124.116577, 0.988240, 2.568356, 0.667575, 3.265157
1763498303.710858, 222.128372, 559.460266, 782.841187, 781.588623, 76.643898, 28.420115, 2, 3.557156, 1.741048, 2.152346, 2.784688, 0.386736, 2.814211, 126.721977, 0.988240, 2.568356, 0.667575, 3.265157
1763498304.492483, 230.680344, 560.928650, 781.588623, 791.609009, 76.766724, 29.140694, 2, 3.633317, 1.699076, 2.856313, 2.839759, 0.391943, 2.744890, 135.637772, 0.988240, 2.568356, 0.667575, 3.265157
1763498305.277878, 238.163330, 555.950806, 785.346252, 794.114136, 76.399422, 29.991070, 2, 3.636276, 1.652138, 2.369700, 2.855736, 0.393479, 2.669141, 143.933090, 0.988240, 2.568356, 0.667575, 3.265157
1763498306.058251, 240.301331, 542.539856, 780.336121, 782.841187, 76.889946, 30.696053, 2, 3.509362, 1.615197, 2.933818, 2.738482, 0.388134, 2.610841, 141.834091, 0.988240, 2.568356, 0.667575, 3.265157
1763498306.844886, 242.439331, 546.664612, 786.598816, 789.103943, 76.277763, 30.723372, 2, 3.608456, 1.613799, 3.238675, 2.838407, 0.391248, 2.608658, 141.282242, 0.988240, 2.568356, 0.667575, 3.265157
1763498307.646553, 229.611359, 556.987427, 801.629395, 786.598816, 74.847557, 29.190403, 2, 3.588315, 1.696257, 3.488566, 2.876498, 0.389480, 2.740288, 155.064682, 0.988240, 2.568356, 0.667575, 3.265157
1763498308.433201, 230.680344, 557.171021, 786.598816, 787.851379, 76.277763, 29.279678, 2, 3.568537, 1.691218, 3.590787, 2.807007, 0.390131, 2.732078, 147.135254, 0.988240, 2.568356, 0.667575, 3.265157
1763498309.214826, 232.818344, 551.275391, 781.588623, 784.093750, 76.766724, 29.692667, 2, 3.641178, 1.668303, 2.023490, 2.845904, 0.388411, 2.695016, 159.597733, 0.988240, 2.568356, 0.667575, 3.265157
1763498309.997704, 234.956345, 550.389893, 782.841187, 785.346252, 76.643898, 29.917547, 2, 3.653549, 1.656091, 1.548277, 2.860149, 0.389109, 2.675448, 140.645096, 0.988240, 2.568356, 0.667575, 3.265157
1763498310.778076, 228.542343, 544.278442, 780.336121, 772.820801, 76.889946, 29.572491, 2, 3.705419, 1.674905, 3.164822, 2.891472, 0.382787, 2.705648, 113.690620, 0.988240, 2.568356, 0.667575, 3.265157
1763498311.574744, 236.025330, 569.361694, 796.619202, 805.387024, 75.318298, 29.305828, 2, 3.630483, 1.689748, 2.409099, 2.892112, 0.398823, 2.729687, 149.379761, 0.988240, 2.568356, 0.667575, 3.265157
1763498312.347602, 246.715332, 538.630920, 772.820801, 785.346252, 77.637665, 31.414848, 2, 3.698954, 1.579239, 5.326597, 2.858629, 0.389622, 2.555206, 102.845253, 0.988240, 2.568356, 0.667575, 3.265157
1763498313.155531, 237.094315, 559.524902, 807.892151, 796.619202, 74.267342, 29.762566, 2, 3.648295, 1.664487, 3.060387, 2.947429, 0.394640, 2.688889, 157.193680, 0.988240, 2.568356, 0.667575, 3.265157
1763498313.939674, 243.508316, 548.100708, 784.093750, 791.609009, 76.521461, 30.761185, 2, 3.652736, 1.611869, 3.079090, 2.864087, 0.392504, 2.605646, 148.771835, 0.988240, 2.568356, 0.667575, 3.265157
1763498314.743845, 234.956345, 559.157776, 804.134460, 794.114136, 74.614388, 29.587227, 2, 3.474535, 1.674092, 1.867520, 2.793994, 0.393339, 2.704338, 136.498886, 0.988240, 2.568356, 0.667575, 3.265157
1763498315.549268, 233.887360, 570.247070, 805.387024, 804.134460, 74.498344, 29.085604, 2, 3.440958, 1.702211, 1.011789, 2.771303, 0.398126, 2.750017, 151.438309, 0.988240, 2.568356, 0.667575, 3.265157
1763498316.345936, 236.025330, 563.098999, 796.619202, 799.124329, 75.318298, 29.535496, 2, 3.467268, 1.676948, 2.454104, 2.762093, 0.395802, 2.708946, 159.014114, 0.988240, 2.568356, 0.667575, 3.265157
1763498317.138835, 241.370316, 557.754028, 792.861572, 799.124329, 75.675255, 30.204350, 2, 3.480087, 1.640780, 2.761949, 2.759227, 0.396036, 2.651093, 144.788284, 0.988240, 2.568356, 0.667575, 3.265157
1763498317.939248, 239.232315, 558.639465, 800.376831, 797.871765, 74.964691, 29.983803, 2, 3.498435, 1.652528, 2.443886, 2.800066, 0.395338, 2.669762, 156.705673, 0.988240, 2.568356, 0.667575, 3.265157
1763498318.745937, 237.094315, 567.040161, 806.639587, 804.134460, 74.382660, 29.484411, 2, 3.488799, 1.679778, 1.918207, 2.814203, 0.398266, 2.713520, 129.990250, 0.988240, 2.568356, 0.667575, 3.265157
1763498319.535078, 234.956345, 551.642456, 789.103943, 786.598816, 76.035614, 29.869907, 2, 3.472983, 1.658662, 2.130397, 2.740544, 0.389713, 2.679558, 158.166687, 0.988240, 2.568356, 0.667575, 3.265157
1763498320.311693, 243.508316, 543.090515, 776.578430, 786.598816, 77.261993, 30.957117, 2, 3.708177, 1.601944, 2.804704, 2.879690, 0.390087, 2.590208, 150.916794, 0.988240, 2.568356, 0.667575, 3.265157
1763498321.115864, 238.163330, 559.708435, 804.134460, 797.871765, 74.614388, 29.849825, 2, 3.569789, 1.659749, 3.042495, 2.870591, 0.395291, 2.681296, 129.233719, 0.988240, 2.568356, 0.667575, 3.265157
1763498321.911279, 239.232315, 557.386902, 795.366638, 796.619202, 75.436905, 30.030951, 2, 3.539620, 1.650002, 4.173645, 2.815295, 0.394734, 2.665738, 139.405685, 0.988240, 2.568356, 0.667575, 3.265157
1763498322.706682, 239.232315, 556.134338, 795.366638, 795.366638, 75.436905, 30.078243, 2, 3.571420, 1.647476, 2.460154, 2.840588, 0.394130, 2.661720, 142.583664, 0.988240, 2.568356, 0.667575, 3.265157
1763498323.505843, 231.749359, 558.607056, 799.124329, 790.356445, 75.082184, 29.322132, 2, 3.524399, 1.688833, 1.252642, 2.816433, 0.391386, 2.728200, 131.300827, 0.988240, 2.568356, 0.667575, 3.265157
1763498324.300007, 234.956345, 562.915405, 794.114136, 797.871765, 75.555893, 29.447884, 2, 3.507600, 1.681807, 2.154412, 2.785435, 0.395151, 2.716804, 144.824951, 0.988240, 2.568356, 0.667575, 3.265157
1763498325.096663, 228.542343, 560.561584, 796.619202, 789.103943, 75.318298, 28.962261, 2, 3.502443, 1.709275, 2.369627, 2.790113, 0.390642, 2.761596, 144.183899, 0.988240, 2.568356, 0.667575, 3.265157
1763498325.882046, 241.370316, 559.006531, 785.346252, 800.376831, 76.399422, 30.157084, 2, 3.618861, 1.643283, 1.823880, 2.842059, 0.396640, 2.655061, 142.163666, 0.988240, 2.568356, 0.667575, 3.265157
1763498326.677461, 237.094315, 553.262146, 795.366638, 790.356445, 75.436905, 29.998404, 2, 3.527437, 1.651745, 2.605057, 2.805605, 0.391619, 2.668514, 145.551865, 0.988240, 2.568356, 0.667575, 3.265157
1763498327.457834, 236.025330, 543.058228, 780.336121, 779.083557, 76.889946, 30.295254, 2, 3.576611, 1.635988, 2.771356, 2.790959, 0.386135, 2.643510, 139.694275, 0.988240, 2.568356, 0.667575, 3.265157
1763498328.267015, 238.163330, 573.486450, 809.144653, 811.649780, 74.152374, 29.343117, 2, 3.354058, 1.687656, 0.848995, 2.713918, 0.401938, 2.726288, 111.157402, 0.988240, 2.568356, 0.667575, 3.265157
1763498329.049894, 231.749359, 543.576538, 782.841187, 775.325928, 76.643898, 29.890574, 2, 3.665082, 1.657546, 3.457431, 2.869177, 0.384135, 2.677773, 136.709686, 0.988240, 2.568356, 0.667575, 3.265157
1763498329.862845, 238.163330, 582.254211, 812.902283, 820.417542, 73.809608, 29.029528, 2, 3.620780, 1.705415, 3.206175, 2.943340, 0.406167, 2.755264, 157.971451, 0.988240, 2.568356, 0.667575, 3.265157
1763498330.673278, 238.163330, 572.233887, 810.397217, 810.397217, 74.037766, 29.388470, 2, 3.607542, 1.685119, 3.774462, 2.923542, 0.401334, 2.722171, 139.769348, 0.988240, 2.568356, 0.667575, 3.265157
1763498331.482460, 232.818344, 570.063599, 809.144653, 802.881958, 74.152374, 28.997829, 2, 3.639779, 1.707232, 2.243537, 2.945107, 0.397475, 2.758243, 163.901657, 0.988240, 2.568356, 0.667575, 3.265157
1763498332.271612, 237.094315, 557.019836, 789.103943, 794.114136, 76.035614, 29.856453, 2, 3.653951, 1.659390, 3.164084, 2.883347, 0.393432, 2.680722, 127.106148, 0.988240, 2.568356, 0.667575, 3.265157
1763498333.060753, 226.404358, 550.174072, 789.103943, 776.578430, 76.035614, 29.154089, 2, 3.768421, 1.698316, 4.737874, 2.973675, 0.384506, 2.743648, 118.111893, 0.988240, 2.568356, 0.667575, 3.265157
1763498333.854903, 236.025330, 569.361694, 794.114136, 805.387024, 75.555893, 29.305828, 2, 3.719988, 1.689748, 1.917617, 2.954095, 0.398823, 2.729687, 171.959442, 0.988240, 2.568356, 0.667575, 3.265157
1763498334.666603, 229.611359, 574.523071, 811.649780, 804.134460, 73.923508, 28.553852, 2, 3.415823, 1.733098, 1.201329, 2.772452, 0.397939, 2.800966, 140.370377, 0.988240, 2.568356, 0.667575, 3.265157
1763498335.463259, 233.887360, 567.742065, 796.619202, 801.629395, 75.318298, 29.176495, 2, 3.504893, 1.697045, 1.647326, 2.792065, 0.396917, 2.741573, 163.832779, 0.988240, 2.568356, 0.667575, 3.265157
1763498336.252399, 240.301331, 556.317871, 789.103943, 796.619202, 76.035614, 30.165144, 2, 3.550989, 1.642856, 2.264343, 2.802100, 0.394780, 2.654383, 158.568314, 0.988240, 2.568356, 0.667575, 3.265157
1763498337.039047, 241.370316, 546.481079, 786.598816, 787.851379, 76.277763, 30.636528, 2, 3.621398, 1.618250, 3.104544, 2.848588, 0.390597, 2.615616, 141.651657, 0.988240, 2.568356, 0.667575, 3.265157
1763498337.826935, 238.163330, 545.930420, 787.851379, 784.093750, 76.156494, 30.374342, 2, 3.360588, 1.631842, 1.939935, 2.647644, 0.388645, 2.636966, 107.555214, 0.988240, 2.568356, 0.667575, 3.265157
1763498338.616075, 239.232315, 551.124146, 789.103943, 790.356445, 76.035614, 30.268913, 2, 3.567722, 1.637373, 2.992178, 2.815304, 0.391713, 2.645701, 135.386703, 0.988240, 2.568356, 0.667575, 3.265157
1763498339.421499, 242.439331, 566.705322, 805.387024, 809.144653, 74.498344, 29.962421, 2, 3.556159, 1.653676, 1.476379, 2.864085, 0.400916, 2.671593, 155.525803, 0.988240, 2.568356, 0.667575, 3.265157
1763498340.225683, 231.749359, 559.859619, 804.134460, 791.609009, 74.614388, 29.275736, 2, 3.427062, 1.691440, 2.055363, 2.755819, 0.391990, 2.732439, 112.633720, 0.988240, 2.568356, 0.667575, 3.265157
1763498341.016076, 234.956345, 559.157776, 790.356445, 794.114136, 75.915115, 29.587227, 2, 3.570641, 1.674092, 2.017403, 2.822079, 0.393339, 2.704338, 143.664200, 0.988240, 2.568356, 0.667575, 3.265157
1763498341.808974, 245.646317, 559.740723, 792.861572, 805.387024, 75.675255, 30.500406, 2, 3.424792, 1.625277, 5.684759, 2.715386, 0.399243, 2.626635, 114.394783, 0.988240, 2.568356, 0.667575, 3.265157
1763498342.624430, 242.439331, 569.210449, 815.407349, 811.649780, 73.582855, 29.869944, 2, 3.335434, 1.658660, 3.395051, 2.719737, 0.402125, 2.679555, 144.789398, 0.988240, 2.568356, 0.667575, 3.265157
1763498343.419833, 237.094315, 552.009644, 795.366638, 789.103943, 75.436905, 30.046019, 2, 3.628372, 1.649196, 3.584885, 2.885886, 0.391015, 2.664456, 120.284508, 0.988240, 2.568356, 0.667575, 3.265157
1763498344.221499, 241.370316, 565.269287, 801.629395, 806.639587, 74.847557, 29.922945, 2, 3.553134, 1.655800, 2.720522, 2.848297, 0.399661, 2.674983, 138.052048, 0.988240, 2.568356, 0.667575, 3.265157
1763498345.019420, 237.094315, 555.767273, 797.871765, 792.861572, 75.200058, 29.903620, 2, 3.519135, 1.656842, 3.224030, 2.807819, 0.392828, 2.676648, 145.902725, 0.988240, 2.568356, 0.667575, 3.265157
1763498345.817329, 228.542343, 559.309021, 797.871765, 787.851379, 75.200058, 29.008305, 2, 3.560470, 1.706631, 3.063301, 2.840799, 0.390037, 2.757257, 166.801880, 0.988240, 2.568356, 0.667575, 3.265157
1763498346.603965, 238.163330, 559.708435, 786.598816, 797.871765, 76.277763, 29.849825, 2, 3.594536, 1.659749, 3.236978, 2.827457, 0.395291, 2.681296, 147.265442, 0.988240, 2.568356, 0.667575, 3.265157
1763498347.396875, 239.232315, 554.881836, 792.861572, 794.114136, 75.675255, 30.125683, 2, 3.668191, 1.644951, 3.533682, 2.908368, 0.393525, 2.657707, 150.067368, 0.988240, 2.568356, 0.667575, 3.265157
1763498348.207309, 236.025330, 570.614258, 810.397217, 806.639587, 74.037766, 29.260319, 2, 3.542495, 1.692308, 3.096391, 2.870828, 0.399428, 2.733852, 143.358475, 0.988240, 2.568356, 0.667575, 3.265157
1763498348.988934, 238.163330, 545.930420, 781.588623, 784.093750, 76.766724, 30.374342, 2, 3.643718, 1.631842, 3.074737, 2.847888, 0.388645, 2.636966, 166.812790, 0.988240, 2.568356, 0.667575, 3.265157
1763498349.780592, 233.887360, 552.711426, 791.609009, 786.598816, 75.794991, 29.734009, 2, 3.596754, 1.666044, 2.295589, 2.847223, 0.389667, 2.691387, 163.380020, 0.988240, 2.568356, 0.667575, 3.265157
1763498350.564722, 230.680344, 549.655762, 784.093750, 780.336121, 76.521461, 29.561666, 2, 3.729614, 1.675502, 4.383511, 2.924367, 0.386505, 2.706612, 119.905937, 0.988240, 2.568356, 0.667575, 3.265157
1763498351.370146, 237.094315, 575.807983, 805.387024, 812.902283, 74.498344, 29.166397, 2, 3.585476, 1.697617, 4.282286, 2.887696, 0.402495, 2.742507, 117.587006, 0.988240, 2.568356, 0.667575, 3.265157
1763498352.166802, 233.887360, 558.974243, 796.619202, 792.861572, 75.318298, 29.499140, 2, 3.520946, 1.678961, 3.629854, 2.804853, 0.392688, 2.712199, 125.471298, 0.988240, 2.568356, 0.667575, 3.265157
1763498352.964723, 232.818344, 563.800842, 797.871765, 796.619202, 75.200058, 29.225803, 2, 3.579417, 1.694255, 3.416225, 2.855916, 0.394454, 2.737024, 170.869919, 0.988240, 2.568356, 0.667575, 3.265157
1763498353.762631, 238.163330, 565.971130, 797.871765, 804.134460, 75.200058, 29.617352, 2, 3.629651, 1.672434, 3.702047, 2.895996, 0.398312, 2.701665, 147.162628, 0.988240, 2.568356, 0.667575, 3.265157
1763498354.570560, 234.956345, 569.178101, 807.892151, 804.134460, 74.267342, 29.218540, 2, 3.577056, 1.694666, 2.817062, 2.889876, 0.398172, 2.737693, 159.611557, 0.988240, 2.568356, 0.667575, 3.265157
1763498355.354702, 240.301331, 550.055115, 784.093750, 790.356445, 76.521461, 30.404171, 2, 3.699405, 1.630283, 4.659889, 2.900680, 0.391759, 2.634511, 115.499664, 0.988240, 2.568356, 0.667575, 3.265157
1763498356.156368, 231.749359, 559.859619, 801.629395, 791.609009, 74.847557, 29.275736, 2, 3.768137, 1.691440, 3.475396, 3.020649, 0.391990, 2.732439, 151.960617, 0.988240, 2.568356, 0.667575, 3.265157
1763498356.955530, 223.197357, 565.906616, 799.124329, 789.103943, 75.082184, 28.284914, 2, 3.755859, 1.749162, 4.206367, 3.001398, 0.390408, 2.827783, 128.661667, 0.988240, 2.568356, 0.667575, 3.265157
1763498357.742178, 236.025330, 565.604065, 786.598816, 801.629395, 76.277763, 29.443199, 2, 3.727921, 1.682068, 5.313280, 2.932379, 0.397011, 2.717226, 129.182510, 0.988240, 2.568356, 0.667575, 3.265157
1763498358.528813, 241.370316, 551.491272, 786.598816, 792.861572, 76.277763, 30.442932, 2, 3.759848, 1.628263, 3.344696, 2.957492, 0.393014, 2.631330, 166.743576, 0.988240, 2.568356, 0.667575, 3.265157
1763498359.334236, 239.232315, 563.649658, 805.387024, 802.881958, 74.498344, 29.796700, 2, 3.601476, 1.662630, 2.551013, 2.900582, 0.397755, 2.685911, 143.446915, 0.988240, 2.568356, 0.667575, 3.265157
1763498360.135915, 247.784317, 563.865479, 801.629395, 811.649780, 74.847557, 30.528477, 2, 3.586774, 1.623823, 4.742522, 2.875264, 0.402358, 2.624351, 127.259987, 0.988240, 2.568356, 0.667575, 3.265157
1763498360.928813, 253.129303, 545.994995, 792.861572, 799.124329, 75.675255, 31.675833, 2, 3.427603, 1.566587, 4.295640, 2.717614, 0.396549, 2.535892, 129.219925, 0.988240, 2.568356, 0.667575, 3.265157
1763498361.745509, 232.818344, 560.043213, 816.659912, 792.861572, 73.469994, 29.364311, 2, 3.486092, 1.686470, 2.392535, 2.846952, 0.392641, 2.724362, 153.026993, 0.988240, 2.568356, 0.667575, 3.265157
1763498362.538421, 240.301331, 561.328064, 792.861572, 801.629395, 75.675255, 29.976612, 2, 3.589250, 1.652914, 3.061789, 2.845778, 0.397197, 2.670377, 132.919983, 0.988240, 2.568356, 0.667575, 3.265157
1763498363.320046, 244.577332, 542.021484, 781.588623, 786.598816, 76.766724, 31.093019, 2, 3.603300, 1.595133, 5.262852, 2.816298, 0.390133, 2.579662, 97.494370, 0.988240, 2.568356, 0.667575, 3.265157
1763498364.091651, 224.266357, 523.503540, 771.568237, 747.769897, 77.763702, 29.991358, 2, 3.775334, 1.652122, 5.763703, 2.912928, 0.370515, 2.669116, 123.129150, 0.988240, 2.568356, 0.667575, 3.265157
1763498364.868266, 232.818344, 553.780457, 776.578430, 786.598816, 77.261993, 29.598104, 2, 3.753371, 1.673493, 3.736723, 2.914787, 0.389620, 2.703372, 152.356918, 0.988240, 2.568356, 0.667575, 3.265157
1763498365.647398, 230.680344, 545.898071, 779.083557, 776.578430, 77.013565, 29.704708, 2, 3.859403, 1.667644, 3.177217, 3.006798, 0.384693, 2.693958, 143.519363, 0.988240, 2.568356, 0.667575, 3.265157
1763498366.441549, 233.887360, 563.984375, 794.114136, 797.871765, 75.555893, 29.313904, 2, 3.841413, 1.689294, 2.912459, 3.050520, 0.395105, 2.728950, 122.855217, 0.988240, 2.568356, 0.667575, 3.265157
1763498367.240709, 231.749359, 564.869873, 799.124329, 796.619202, 75.082184, 29.091612, 2, 3.736074, 1.701869, 2.832925, 2.985588, 0.394407, 2.749456, 151.347763, 0.988240, 2.568356, 0.667575, 3.265157
1763498368.042389, 237.094315, 570.797852, 801.629395, 807.892151, 74.847557, 29.347273, 2, 3.672759, 1.687423, 2.765859, 2.944191, 0.400079, 2.725910, 154.886261, 0.988240, 2.568356, 0.667575, 3.265157
1763498368.849065, 236.025330, 569.361694, 806.639587, 805.387024, 74.382660, 29.305828, 2, 3.643672, 1.689748, 3.211118, 2.939130, 0.398823, 2.729687, 149.716537, 0.988240, 2.568356, 0.667575, 3.265157
1763498369.654488, 236.025330, 569.361694, 805.387024, 805.387024, 74.498344, 29.305828, 2, 3.598334, 1.689748, 3.155710, 2.898051, 0.398823, 2.729687, 142.440994, 0.988240, 2.568356, 0.667575, 3.265157
1763498370.463682, 221.059372, 570.549622, 809.144653, 791.609009, 74.152374, 27.925322, 2, 3.653076, 1.771123, 1.844501, 2.955867, 0.391523, 2.864803, 171.345535, 0.988240, 2.568356, 0.667575, 3.265157
1763498371.271610, 214.645386, 585.731445, 807.892151, 800.376831, 74.267342, 26.818041, 2, 3.640182, 1.842448, 1.661934, 2.940874, 0.395473, 2.987856, 161.041565, 0.988240, 2.568356, 0.667575, 3.265157
1763498372.062003, 236.025330, 579.382019, 790.356445, 815.407349, 75.915115, 28.945696, 2, 3.289737, 1.710228, 5.026757, 2.600065, 0.403657, 2.763163, 110.562912, 0.988240, 2.568356, 0.667575, 3.265157
1763498372.849891, 224.266357, 549.807007, 787.851379, 774.073364, 76.156494, 28.972235, 2, 3.273931, 1.708701, 2.813705, 2.579371, 0.383204, 2.760655, 150.364029, 0.988240, 2.568356, 0.667575, 3.265157
1763498373.630277, 234.956345, 557.905212, 780.336121, 792.861572, 76.889946, 29.633968, 2, 3.620114, 1.671521, 3.833669, 2.824906, 0.392734, 2.700194, 134.338196, 0.988240, 2.568356, 0.667575, 3.265157
1763498374.423175, 239.232315, 558.639465, 792.861572, 797.871765, 75.675255, 29.983803, 2, 3.582438, 1.652528, 3.704777, 2.840377, 0.395338, 2.669762, 161.863358, 0.988240, 2.568356, 0.667575, 3.265157
1763498375.213568, 222.128372, 548.187378, 790.356445, 770.315735, 75.915115, 28.836018, 2, 3.615737, 1.716567, 2.506487, 2.857721, 0.381298, 2.773596, 184.184113, 0.988240, 2.568356, 0.667575, 3.265157
1763498375.995206, 226.404358, 560.194458, 781.588623, 786.598816, 76.766724, 28.782698, 2, 3.612947, 1.719666, 3.175519, 2.823839, 0.389340, 2.778709, 164.502609, 0.988240, 2.568356, 0.667575, 3.265157
1763498376.780588, 238.163330, 560.960999, 785.346252, 799.124329, 76.399422, 29.803038, 2, 3.677428, 1.662286, 3.185923, 2.888054, 0.395896, 2.685359, 160.505356, 0.988240, 2.568356, 0.667575, 3.265157
1763498377.582254, 223.197357, 560.896362, 801.629395, 784.093750, 74.847557, 28.465647, 2, 3.677390, 1.738333, 2.963699, 2.947904, 0.387991, 2.809681, 145.004364, 0.988240, 2.568356, 0.667575, 3.265157
1763498378.378910, 216.783386, 572.320557, 796.619202, 789.103943, 75.318298, 27.472094, 2, 3.702703, 1.799623, 2.301307, 2.949644, 0.390128, 2.913453, 180.784760, 0.988240, 2.568356, 0.667575, 3.265157
1763498379.165559, 227.473358, 571.651001, 786.598816, 799.124329, 76.277763, 28.465328, 2, 3.733319, 1.738352, 2.651280, 2.936625, 0.395429, 2.809713, 148.942154, 0.988240, 2.568356, 0.667575, 3.265157
1763498379.945931, 236.025330, 554.331116, 780.336121, 790.356445, 76.889946, 29.863150, 2, 3.763316, 1.659028, 3.448024, 2.936652, 0.391573, 2.680143, 157.881989, 0.988240, 2.568356, 0.667575, 3.265157
1763498380.738829, 229.611359, 555.734863, 792.861572, 785.346252, 75.675255, 29.236958, 2, 3.734730, 1.693625, 2.694883, 2.961124, 0.388876, 2.735998, 143.999115, 0.988240, 2.568356, 0.667575, 3.265157
1763498381.517962, 231.749359, 549.839233, 779.083557, 781.588623, 77.013565, 29.651066, 2, 3.842002, 1.670582, 3.933788, 2.993241, 0.387156, 2.698683, 152.465546, 0.988240, 2.568356, 0.667575, 3.265157
1763498382.313365, 223.197357, 562.148926, 795.366638, 785.346252, 75.436905, 28.420248, 2, 3.659600, 1.741040, 3.077762, 2.910724, 0.388596, 2.814198, 151.137314, 0.988240, 2.568356, 0.667575, 3.265157
1763498383.098748, 233.887360, 563.984375, 785.346252, 797.871765, 76.399422, 29.313904, 2, 3.746782, 1.689294, 4.996323, 2.942522, 0.395105, 2.728950, 115.977196, 0.988240, 2.568356, 0.667575, 3.265157
1763498383.905425, 229.611359, 572.018066, 806.639587, 801.629395, 74.382660, 28.643080, 2, 3.612077, 1.727836, 2.341922, 2.913644, 0.396731, 2.792227, 154.915543, 0.988240, 2.568356, 0.667575, 3.265157
1763498384.688315, 233.887360, 553.963989, 782.841187, 787.851379, 76.643898, 29.686737, 2, 3.699138, 1.668627, 4.256426, 2.895837, 0.390271, 2.695538, 110.797173, 0.988240, 2.568356, 0.667575, 3.265157
1763498385.497496, 232.818344, 575.073792, 809.144653, 807.892151, 74.152374, 28.817999, 2, 3.701353, 1.717613, 4.454671, 2.994930, 0.399892, 2.775321, 101.132545, 0.988240, 2.568356, 0.667575, 3.265157
1763498386.307930, 229.611359, 577.028198, 810.397217, 806.639587, 74.037766, 28.465172, 2, 3.706178, 1.738362, 3.565887, 3.003476, 0.399148, 2.809728, 149.722504, 0.988240, 2.568356, 0.667575, 3.265157
1763498387.098335, 238.163330, 562.213501, 790.356445, 800.376831, 75.915115, 29.756399, 2, 3.249727, 1.664823, 4.802025, 2.568442, 0.396500, 2.689427, 113.930374, 0.988240, 2.568356, 0.667575, 3.265157
1763498387.903759, 226.404358, 565.204651, 805.387024, 791.609009, 74.498344, 28.600529, 2, 3.013772, 1.730341, 2.135893, 2.427253, 0.391757, 2.796385, 133.510696, 0.988240, 2.568356, 0.667575, 3.265157
1763498388.701667, 231.749359, 572.385132, 797.871765, 804.134460, 75.200058, 28.819729, 2, 3.675938, 1.717512, 2.348267, 2.932927, 0.398032, 2.775155, 170.999313, 0.988240, 2.568356, 0.667575, 3.265157
1763498389.508356, 230.680344, 574.706665, 806.639587, 805.387024, 74.382660, 28.642172, 2, 3.696917, 1.727889, 1.690228, 2.982080, 0.398590, 2.792316, 175.240784, 0.988240, 2.568356, 0.667575, 3.265157
1763498390.312527, 221.059372, 571.802185, 804.134460, 792.861572, 74.614388, 27.881205, 2, 3.516515, 1.773857, 2.044886, 2.827750, 0.392128, 2.869439, 182.119980, 0.988240, 2.568356, 0.667575, 3.265157
1763498391.112941, 230.680344, 580.969421, 800.376831, 811.649780, 74.964691, 28.421167, 2, 3.473779, 1.740986, 1.386995, 2.780332, 0.401611, 2.814106, 152.639664, 0.988240, 2.568356, 0.667575, 3.265157
1763498391.899588, 237.094315, 557.019836, 786.598816, 794.114136, 76.277763, 29.856453, 2, 3.607594, 1.659390, 2.744611, 2.837729, 0.393432, 2.680722, 152.279495, 0.988240, 2.568356, 0.667575, 3.265157
1763498392.693739, 237.094315, 557.019836, 794.114136, 794.114136, 75.555893, 29.856453, 2, 3.614733, 1.659390, 2.819792, 2.870511, 0.393432, 2.680722, 114.557655, 0.988240, 2.568356, 0.667575, 3.265157
1763498393.492900, 234.956345, 561.662842, 799.124329, 796.619202, 75.082184, 29.494184, 2, 3.540617, 1.679236, 1.537357, 2.829394, 0.394547, 2.712643, 91.395912, 0.988240, 2.568356, 0.667575, 3.265157
1763498394.278295, 232.818344, 550.022827, 785.346252, 782.841187, 76.399422, 29.740175, 2, 3.701889, 1.665707, 2.999039, 2.907264, 0.387807, 2.690847, 134.849030, 0.988240, 2.568356, 0.667575, 3.265157
1763498395.088730, 234.956345, 577.945923, 810.397217, 812.902283, 74.037766, 28.903393, 2, 3.607163, 1.712667, 2.760768, 2.923235, 0.402402, 2.767173, 184.392258, 0.988240, 2.568356, 0.667575, 3.265157
1763498395.889143, 238.163330, 565.971130, 800.376831, 804.134460, 74.964691, 29.617352, 2, 3.510119, 1.672434, 3.098346, 2.809418, 0.398312, 2.701665, 140.173157, 0.988240, 2.568356, 0.667575, 3.265157
1763498396.695831, 248.853302, 570.311646, 806.639587, 819.164978, 74.382660, 30.378899, 2, 3.517989, 1.631603, 4.016126, 2.837749, 0.406030, 2.636590, 121.140274, 0.988240, 2.568356, 0.667575, 3.265157
1763498397.508770, 245.646317, 563.498352, 812.902283, 809.144653, 73.809608, 30.358765, 2, 3.492534, 1.632656, 3.563415, 2.839089, 0.401056, 2.638251, 149.373734, 0.988240, 2.568356, 0.667575, 3.265157
1763498398.301668, 240.301331, 546.297485, 792.861572, 786.598816, 75.675255, 30.549414, 2, 3.366359, 1.622740, 2.092363, 2.669057, 0.389947, 2.622652, 116.462181, 0.988240, 2.568356, 0.667575, 3.265157
1763498399.083306, 239.232315, 541.103821, 781.588623, 780.336121, 76.766724, 30.657598, 2, 3.327369, 1.617168, 1.933627, 2.600634, 0.386879, 2.613923, 106.159447, 0.988240, 2.568356, 0.667575, 3.265157
1763498399.878709, 240.301331, 556.317871, 795.366638, 796.619202, 75.436905, 30.165144, 2, 3.399403, 1.642856, 2.350149, 2.703772, 0.394780, 2.654383, 139.483383, 0.988240, 2.568356, 0.667575, 3.265157
1763498400.674113, 240.301331, 555.065308, 795.366638, 795.366638, 75.436905, 30.212650, 2, 3.544706, 1.640341, 3.722115, 2.819341, 0.394176, 2.650398, 141.431931, 0.988240, 2.568356, 0.667575, 3.265157
1763498401.467011, 239.232315, 552.376709, 792.861572, 791.609009, 75.675255, 30.221022, 2, 3.525400, 1.639899, 1.507255, 2.795154, 0.392317, 2.649697, 129.028732, 0.988240, 2.568356, 0.667575, 3.265157
1763498402.248649, 238.163330, 542.172791, 781.588623, 780.336121, 76.766724, 30.520609, 2, 3.528090, 1.624231, 3.107901, 2.757515, 0.386832, 2.624991, 119.952614, 0.988240, 2.568356, 0.667575, 3.265157
1763498403.039042, 234.956345, 551.642456, 790.356445, 786.598816, 75.915115, 29.869907, 2, 3.506279, 1.658662, 1.924183, 2.771210, 0.389713, 2.679558, 155.856949, 0.988240, 2.568356, 0.667575, 3.265157
1763498403.820667, 239.232315, 547.366516, 781.588623, 786.598816, 76.766724, 30.413511, 2, 3.472154, 1.629796, 2.119846, 2.713796, 0.389900, 2.633743, 129.948425, 0.988240, 2.568356, 0.667575, 3.265157
1763498404.609819, 232.818344, 548.770264, 789.103943, 781.588623, 76.035614, 29.787836, 2, 3.581230, 1.663112, 2.636856, 2.825962, 0.387203, 2.686683, 156.397079, 0.988240, 2.568356, 0.667575, 3.265157
1763498405.405223, 239.232315, 563.649658, 795.366638, 802.881958, 75.436905, 29.796700, 2, 3.545686, 1.662630, 1.967565, 2.820121, 0.397755, 2.685911, 122.317986, 0.988240, 2.568356, 0.667575, 3.265157
1763498406.169313, 238.163330, 524.637085, 764.052979, 762.800415, 78.528587, 31.222233, 2, 3.516334, 1.588712, 4.328951, 2.686666, 0.378373, 2.569757, 118.338860, 0.988240, 2.568356, 0.667575, 3.265157
1763498406.967221, 236.025330, 559.341309, 797.871765, 795.366638, 75.200058, 29.675034, 2, 3.502903, 1.669268, 2.691600, 2.794868, 0.393990, 2.696568, 152.068039, 0.988240, 2.568356, 0.667575, 3.265157
1763498407.735081, 230.680344, 530.867493, 767.810608, 761.547852, 78.144272, 30.290985, 2, 3.711886, 1.636212, 3.236425, 2.850026, 0.377442, 2.643865, 158.107925, 0.988240, 2.568356, 0.667575, 3.265157
1763498408.530484, 237.094315, 565.787659, 795.366638, 802.881958, 75.436905, 29.530409, 2, 3.624425, 1.677229, 2.982107, 2.882747, 0.397662, 2.709401, 163.311600, 0.988240, 2.568356, 0.667575, 3.265157
1763498409.320877, 236.025330, 553.078613, 790.356445, 789.103943, 75.915115, 29.910549, 2, 3.615428, 1.656468, 3.088792, 2.857477, 0.390968, 2.676050, 155.525497, 0.988240, 2.568356, 0.667575, 3.265157
1763498410.106260, 245.646317, 550.972900, 785.346252, 796.619202, 76.399422, 30.836102, 2, 3.646357, 1.608059, 3.749413, 2.863653, 0.395014, 2.599710, 138.347458, 0.988240, 2.568356, 0.667575, 3.265157
1763498410.902928, 240.301331, 550.055115, 796.619202, 790.356445, 75.318298, 30.404171, 2, 3.624477, 1.630283, 4.116503, 2.887328, 0.391759, 2.634511, 144.986084, 0.988240, 2.568356, 0.667575, 3.265157
1763498411.712110, 234.956345, 567.925598, 809.144653, 802.881958, 74.152374, 29.264120, 2, 3.442298, 1.692094, 2.352805, 2.785317, 0.397568, 2.733504, 141.417679, 0.988240, 2.568356, 0.667575, 3.265157
1763498412.507513, 240.301331, 561.328064, 795.366638, 801.629395, 75.436905, 29.976612, 2, 3.462625, 1.652914, 3.905457, 2.754056, 0.397197, 2.670377, 138.313126, 0.988240, 2.568356, 0.667575, 3.265157
1763498413.310444, 236.025330, 561.846436, 802.881958, 797.871765, 74.730789, 29.581863, 2, 3.533232, 1.674388, 2.714693, 2.836768, 0.395198, 2.704815, 165.486328, 0.988240, 2.568356, 0.667575, 3.265157
1763498414.094574, 230.680344, 547.150635, 784.093750, 777.830994, 76.521461, 29.656872, 2, 3.546628, 1.670264, 2.920870, 2.780889, 0.385297, 2.698170, 137.082779, 0.988240, 2.568356, 0.667575, 3.265157
1763498414.891230, 226.404358, 565.204651, 796.619202, 791.609009, 75.318298, 28.600529, 2, 3.612063, 1.730341, 2.118149, 2.877439, 0.391757, 2.796385, 152.607895, 0.988240, 2.568356, 0.667575, 3.265157
1763498415.681635, 234.956345, 565.420471, 790.356445, 800.376831, 75.915115, 29.355717, 2, 3.628031, 1.686951, 3.640589, 2.867438, 0.396360, 2.725142, 156.054504, 0.988240, 2.568356, 0.667575, 3.265157
1763498416.494574, 236.025330, 578.129456, 812.902283, 814.154785, 73.809608, 28.990227, 2, 3.544647, 1.707668, 2.469856, 2.881452, 0.403053, 2.758959, 162.298096, 0.988240, 2.568356, 0.667575, 3.265157
1763498417.283716, 226.404358, 551.426636, 789.103943, 777.830994, 76.035614, 29.107141, 2, 3.684742, 1.700984, 2.275410, 2.907645, 0.385110, 2.748009, 155.694504, 0.988240, 2.568356, 0.667575, 3.265157
1763498418.065341, 230.680344, 555.918457, 781.588623, 786.598816, 76.766724, 29.326302, 2, 3.773879, 1.688599, 3.546926, 2.949621, 0.389527, 2.727819, 140.067245, 0.988240, 2.568356, 0.667575, 3.265157
1763498418.840715, 238.163330, 545.930420, 775.325928, 784.093750, 77.386810, 30.374342, 2, 3.714449, 1.631842, 2.816103, 2.879909, 0.388645, 2.636966, 166.510193, 0.988240, 2.568356, 0.667575, 3.265157
1763498419.634866, 242.439331, 556.684998, 794.114136, 799.124329, 75.555893, 30.338123, 2, 3.450752, 1.633738, 1.378916, 2.740291, 0.396082, 2.639957, 116.410042, 0.988240, 2.568356, 0.667575, 3.265157
1763498420.425259, 234.956345, 546.632263, 790.356445, 781.588623, 75.915115, 30.061382, 2, 3.677139, 1.648376, 3.684008, 2.906250, 0.387296, 2.663150, 166.214890, 0.988240, 2.568356, 0.667575, 3.265157
1763498421.206897, 233.887360, 546.448730, 781.588623, 780.336121, 76.766724, 29.972643, 2, 3.654624, 1.653127, 3.139552, 2.856412, 0.386645, 2.670717, 154.799316, 0.988240, 2.568356, 0.667575, 3.265157
1763498422.001047, 239.232315, 561.144531, 794.114136, 800.376831, 75.555893, 29.889959, 2, 3.669207, 1.657579, 3.887159, 2.913769, 0.396546, 2.677826, 140.838928, 0.988240, 2.568356, 0.667575, 3.265157
1763498422.796451, 238.163330, 555.950806, 795.366638, 794.114136, 75.436905, 29.991070, 2, 3.600432, 1.652138, 4.367575, 2.863663, 0.393479, 2.669141, 120.166000, 0.988240, 2.568356, 0.667575, 3.265157
1763498423.596865, 232.818344, 561.295776, 800.376831, 794.114136, 74.964691, 29.317995, 2, 3.603419, 1.689065, 2.186690, 2.884093, 0.393245, 2.728577, 163.961975, 0.988240, 2.568356, 0.667575, 3.265157
1763498424.393533, 223.197357, 562.148926, 796.619202, 785.346252, 75.318298, 28.420248, 2, 3.688433, 1.741040, 2.926957, 2.938277, 0.388596, 2.814198, 170.184616, 0.988240, 2.568356, 0.667575, 3.265157
1763498425.202714, 231.749359, 587.415649, 809.144653, 819.164978, 74.152374, 28.290928, 2, 3.623084, 1.748799, 2.051895, 2.931599, 0.405283, 2.827176, 186.109406, 0.988240, 2.568356, 0.667575, 3.265157
1763498426.009402, 231.749359, 574.890259, 806.639587, 806.639587, 74.382660, 28.730223, 2, 3.650434, 1.722727, 1.395553, 2.944584, 0.399241, 2.783768, 179.418808, 0.988240, 2.568356, 0.667575, 3.265157
1763498426.811068, 232.818344, 570.063599, 801.629395, 802.881958, 74.847557, 28.997829, 2, 3.668132, 1.707232, 3.189981, 2.940482, 0.397475, 2.758243, 162.210373, 0.988240, 2.568356, 0.667575, 3.265157
1763498427.608976, 226.404358, 563.952087, 797.871765, 790.356445, 75.200058, 28.645855, 2, 3.667041, 1.727672, 2.091736, 2.925829, 0.391153, 2.791957, 183.832840, 0.988240, 2.568356, 0.667575, 3.265157
1763498428.404381, 230.680344, 569.696472, 795.366638, 800.376831, 75.436905, 28.821468, 2, 3.538878, 1.717411, 1.560118, 2.814706, 0.396173, 2.774988, 139.168594, 0.988240, 2.568356, 0.667575, 3.265157
1763498429.187271, 230.680344, 552.160828, 782.841187, 782.841187, 76.643898, 29.467068, 2, 3.716800, 1.680741, 2.225609, 2.909664, 0.387714, 2.715078, 172.251663, 0.988240, 2.568356, 0.667575, 3.265157
1763498429.985179, 228.542343, 566.824280, 797.871765, 795.366638, 75.200058, 28.734213, 2, 3.609319, 1.722494, 1.829340, 2.879773, 0.393663, 2.783382, 120.363792, 0.988240, 2.568356, 0.667575, 3.265157
1763498430.799370, 223.197357, 584.694824, 814.154785, 807.892151, 73.696060, 27.627123, 2, 3.536697, 1.789769, 2.526076, 2.879419, 0.399472, 2.896554, 192.879318, 0.988240, 2.568356, 0.667575, 3.265157
1763498431.598543, 237.094315, 578.313049, 799.124329, 815.407349, 75.082184, 29.076794, 2, 3.619590, 1.702714, 3.939728, 2.892502, 0.403704, 2.750839, 163.010788, 0.988240, 2.568356, 0.667575, 3.265157
1763498432.372653, 240.301331, 537.529663, 774.073364, 777.830994, 77.512032, 30.893772, 2, 3.801511, 1.605139, 5.925686, 2.942648, 0.385717, 2.595169, 123.227219, 0.988240, 2.568356, 0.667575, 3.265157
1763498433.160541, 229.611359, 545.714600, 787.851379, 775.325928, 76.156494, 29.614819, 2, 3.748348, 1.672573, 3.286816, 2.953141, 0.384042, 2.701890, 147.569107, 0.988240, 2.568356, 0.667575, 3.265157
1763498433.948442, 221.059372, 556.771606, 787.851379, 777.830994, 76.156494, 28.419975, 2, 3.731678, 1.741057, 1.472468, 2.940008, 0.384877, 2.814225, 186.469070, 0.988240, 2.568356, 0.667575, 3.265157
1763498434.713784, 233.887360, 546.448730, 765.305542, 780.336121, 78.400063, 29.972643, 2, 3.822264, 1.653127, 3.359194, 2.925200, 0.386645, 2.670717, 182.185196, 0.988240, 2.568356, 0.667575, 3.265157
1763498435.500420, 228.542343, 551.793762, 786.598816, 780.336121, 76.277763, 29.287682, 2, 3.797230, 1.690768, 3.655935, 2.986897, 0.386412, 2.731346, 172.908371, 0.988240, 2.568356, 0.667575, 3.265157
1763498436.284550, 227.473358, 555.367798, 784.093750, 782.841187, 76.521461, 29.057407, 2, 3.756816, 1.703821, 3.738494, 2.945696, 0.387574, 2.752652, 156.509827, 0.988240, 2.568356, 0.667575, 3.265157
1763498437.086228, 226.404358, 573.972473, 801.629395, 800.376831, 74.847557, 28.287220, 2, 3.824742, 1.749023, 2.736458, 3.066026, 0.395986, 2.827550, 180.129669, 0.988240, 2.568356, 0.667575, 3.265157
1763498437.867853, 231.749359, 556.102051, 781.588623, 787.851379, 76.766724, 29.415365, 2, 3.876097, 1.683618, 3.064113, 3.029513, 0.390177, 2.719737, 156.707458, 0.988240, 2.568356, 0.667575, 3.265157
1763498438.669519, 228.542343, 569.329407, 801.629395, 797.871765, 74.847557, 28.643995, 2, 3.673570, 1.727782, 2.544595, 2.944842, 0.394871, 2.792138, 184.972900, 0.988240, 2.568356, 0.667575, 3.265157
1763498439.462419, 239.232315, 566.154724, 792.861572, 805.387024, 75.675255, 29.704020, 2, 3.519624, 1.667682, 3.348164, 2.790575, 0.398963, 2.694018, 124.576324, 0.988240, 2.568356, 0.667575, 3.265157
1763498440.247814, 226.404358, 543.911377, 785.346252, 770.315735, 76.399422, 29.391113, 2, 3.642145, 1.684971, 1.663705, 2.860345, 0.381485, 2.721931, 161.072815, 0.988240, 2.568356, 0.667575, 3.265157
1763498441.008145, 212.507385, 531.504883, 760.295349, 744.012268, 78.916702, 28.562349, 2, 3.890480, 1.732596, 2.094651, 2.957914, 0.368189, 2.800130, 222.790573, 0.988240, 2.568356, 0.667575, 3.265157
1763498441.777245, 223.197357, 558.391235, 769.063171, 781.588623, 78.016998, 28.556883, 2, 4.012554, 1.732919, 2.038836, 3.085908, 0.386783, 2.800668, 179.702682, 0.988240, 2.568356, 0.667575, 3.265157
1763498442.573901, 231.749359, 574.890259, 796.619202, 806.639587, 75.318298, 28.730223, 2, 3.898060, 1.722727, 4.336993, 3.105269, 0.399241, 2.783768, 132.749176, 0.988240, 2.568356, 0.667575, 3.265157
1763498443.365559, 233.887360, 560.226807, 791.609009, 794.114136, 75.794991, 29.452614, 2, 3.942361, 1.681544, 3.842634, 3.120809, 0.393292, 2.716378, 145.796844, 0.988240, 2.568356, 0.667575, 3.265157
1763498444.165973, 227.473358, 565.388184, 800.376831, 792.861572, 74.964691, 28.690174, 2, 3.873407, 1.725071, 2.962408, 3.100186, 0.392408, 2.787646, 134.105255, 0.988240, 2.568356, 0.667575, 3.265157
1763498444.966386, 227.473358, 572.903442, 800.376831, 800.376831, 74.964691, 28.420782, 2, 3.784077, 1.741009, 2.924006, 3.028688, 0.396033, 2.814144, 186.072708, 0.988240, 2.568356, 0.667575, 3.265157
1763498445.753034, 218.921371, 557.657043, 786.598816, 776.578430, 76.277763, 28.190502, 2, 3.831451, 1.754874, 2.416366, 3.013815, 0.384179, 2.837372, 169.124649, 0.988240, 2.568356, 0.667575, 3.265157
1763498446.548437, 226.404358, 577.730103, 795.366638, 804.134460, 75.436905, 28.155037, 2, 3.865926, 1.757029, 2.231696, 3.074828, 0.397799, 2.840997, 222.552734, 0.988240, 2.568356, 0.667575, 3.265157
1763498447.351356, 232.818344, 577.578857, 802.881958, 810.397217, 74.730789, 28.728918, 2, 3.767564, 1.722803, 3.412573, 3.024909, 0.401100, 2.783894, 132.165573, 0.988240, 2.568356, 0.667575, 3.265157
1763498448.149276, 240.301331, 566.338257, 797.871765, 806.639587, 75.200058, 29.790422, 2, 3.715444, 1.662971, 4.058217, 2.964447, 0.399614, 2.686458, 127.886162, 0.988240, 2.568356, 0.667575, 3.265157
1763498448.963468, 230.680344, 572.201599, 814.154785, 802.881958, 73.696060, 28.731541, 2, 3.627373, 1.722650, 2.260396, 2.953243, 0.397382, 2.783640, 207.415909, 0.988240, 2.568356, 0.667575, 3.265157
1763498449.760124, 236.025330, 566.856628, 796.619202, 802.881958, 75.318298, 29.397264, 2, 3.701470, 1.684628, 3.425411, 2.948662, 0.397615, 2.721374, 115.877510, 0.988240, 2.568356, 0.667575, 3.265157
1763498450.556792, 233.887360, 560.226807, 796.619202, 794.114136, 75.318298, 29.452614, 2, 3.660884, 1.681544, 3.823931, 2.916330, 0.393292, 2.716378, 157.576279, 0.988240, 2.568356, 0.667575, 3.265157
1763498451.362216, 216.783386, 568.562866, 805.387024, 785.346252, 74.498344, 27.603542, 2, 3.633795, 1.791261, 3.665157, 2.926612, 0.388316, 2.899107, 177.970993, 0.988240, 2.568356, 0.667575, 3.265157
1763498452.140083, 225.335358, 562.515991, 777.830994, 787.851379, 77.137581, 28.601254, 2, 3.770671, 1.730298, 3.744433, 2.932945, 0.389897, 2.796314, 125.598846, 0.988240, 2.568356, 0.667575, 3.265157
1763498452.929224, 231.749359, 564.869873, 789.103943, 796.619202, 76.035614, 29.091612, 2, 3.816288, 1.701869, 3.822566, 3.011448, 0.394407, 2.749456, 157.733017, 0.988240, 2.568356, 0.667575, 3.265157
1763498453.724639, 230.680344, 563.433777, 795.366638, 794.114136, 75.436905, 29.048765, 2, 3.792726, 1.704315, 4.349572, 3.016608, 0.393152, 2.753461, 131.446808, 0.988240, 2.568356, 0.667575, 3.265157
1763498454.518790, 230.680344, 563.433777, 794.114136, 794.114136, 75.555893, 29.048765, 2, 3.781962, 1.704315, 2.359002, 3.003310, 0.393152, 2.753461, 203.279678, 0.988240, 2.568356, 0.667575, 3.265157
1763498455.312942, 228.542343, 563.066650, 794.114136, 791.609009, 75.555893, 28.870609, 2, 3.779981, 1.714563, 3.931538, 3.001736, 0.391850, 2.770293, 129.440048, 0.988240, 2.568356, 0.667575, 3.265157
1763498456.117125, 226.404358, 575.225037, 804.134460, 801.629395, 74.614388, 28.243021, 2, 3.883368, 1.751692, 4.303645, 3.122750, 0.396591, 2.832027, 125.756577, 0.988240, 2.568356, 0.667575, 3.265157
1763498456.916286, 217.852371, 571.251587, 799.124329, 789.103943, 75.082184, 27.607563, 2, 3.899678, 1.791006, 2.929317, 3.116328, 0.390175, 2.898671, 178.414536, 0.988240, 2.568356, 0.667575, 3.265157
1763498457.729225, 211.438385, 593.948608, 812.902283, 805.387024, 73.809608, 26.253016, 2, 3.895410, 1.881162, 2.239775, 3.166588, 0.397750, 3.056458, 213.686874, 0.988240, 2.568356, 0.667575, 3.265157
1763498458.532155, 215.714386, 592.177734, 802.881958, 807.892151, 74.730789, 26.700890, 2, 3.829702, 1.850340, 2.512021, 3.074799, 0.399145, 3.001738, 205.517227, 0.988240, 2.568356, 0.667575, 3.265157
1763498459.323801, 226.404358, 577.730103, 791.609009, 804.134460, 75.794991, 28.155037, 2, 3.846228, 1.757029, 3.033125, 3.044709, 0.397799, 2.840997, 183.162155, 0.988240, 2.568356, 0.667575, 3.265157
1763498460.119204, 229.611359, 569.512939, 795.366638, 799.124329, 75.436905, 28.732872, 2, 3.853101, 1.722572, 3.225985, 3.064628, 0.395522, 2.783511, 114.768333, 0.988240, 2.568356, 0.667575, 3.265157
1763498460.913368, 228.542343, 564.319214, 794.114136, 792.861572, 75.555893, 28.825001, 2, 3.935293, 1.717206, 3.570683, 3.125072, 0.392454, 2.774650, 184.809540, 0.988240, 2.568356, 0.667575, 3.265157
1763498461.703761, 231.749359, 562.364746, 790.356445, 794.114136, 75.915115, 29.183382, 2, 3.843446, 1.696655, 3.129076, 3.037693, 0.393199, 2.740937, 168.340805, 0.988240, 2.568356, 0.667575, 3.265157
1763498462.504174, 227.473358, 567.893311, 800.376831, 795.366638, 74.964691, 28.599812, 2, 3.700049, 1.730383, 2.995424, 2.961433, 0.393616, 2.796455, 175.309311, 0.988240, 2.568356, 0.667575, 3.265157
1763498463.313368, 219.990372, 580.386475, 809.144653, 800.376831, 74.152374, 27.485851, 2, 3.721004, 1.798744, 2.631101, 3.010830, 0.395706, 2.911942, 192.825912, 0.988240, 2.568356, 0.667575, 3.265157
1763498464.103761, 228.542343, 571.834473, 790.356445, 800.376831, 75.915115, 28.554344, 2, 3.741837, 1.733069, 1.780719, 2.957385, 0.396080, 2.800917, 183.720459, 0.988240, 2.568356, 0.667575, 3.265157
1763498464.892901, 227.473358, 560.378052, 789.103943, 787.851379, 76.035614, 28.872623, 2, 3.823587, 1.714446, 3.292534, 3.017208, 0.389991, 2.770101, 165.402695, 0.988240, 2.568356, 0.667575, 3.265157
1763498465.695832, 228.542343, 575.592102, 802.881958, 804.134460, 74.730789, 28.420910, 2, 3.667649, 1.741001, 1.752166, 2.944689, 0.397892, 2.814131, 186.321793, 0.988240, 2.568356, 0.667575, 3.265157
1763498466.486226, 233.887360, 562.731812, 790.356445, 796.619202, 75.915115, 29.359997, 2, 3.549581, 1.686711, 3.539105, 2.805434, 0.394500, 2.724754, 168.708405, 0.988240, 2.568356, 0.667575, 3.265157
1763498467.269104, 229.611359, 548.219604, 782.841187, 777.830994, 76.643898, 29.519442, 2, 3.764092, 1.677836, 3.325144, 2.946686, 0.385250, 2.710381, 174.763412, 0.988240, 2.568356, 0.667575, 3.265157
1763498468.059497, 224.266357, 559.827393, 790.356445, 784.093750, 75.915115, 28.601984, 2, 3.756943, 1.730255, 2.509144, 2.969324, 0.388038, 2.796242, 207.197678, 0.988240, 2.568356, 0.667575, 3.265157
1763498468.846144, 223.197357, 562.148926, 786.598816, 785.346252, 76.277763, 28.420248, 2, 3.739322, 1.741040, 1.431705, 2.941346, 0.388596, 2.814198, 174.174454, 0.988240, 2.568356, 0.667575, 3.265157
1763498469.641547, 226.404358, 572.719971, 795.366638, 799.124329, 75.436905, 28.331556, 2, 3.738033, 1.746354, 2.141869, 2.973107, 0.395382, 2.823080, 218.272919, 0.988240, 2.568356, 0.667575, 3.265157
1763498470.439456, 230.680344, 572.201599, 797.871765, 802.881958, 75.200058, 28.731541, 2, 3.781404, 1.722650, 3.594624, 3.017076, 0.397382, 2.783640, 142.108551, 0.988240, 2.568356, 0.667575, 3.265157
1763498471.242386, 236.025330, 573.119324, 802.881958, 809.144653, 74.730789, 29.169733, 2, 3.620875, 1.697428, 4.286749, 2.907135, 0.400636, 2.742199, 131.587494, 0.988240, 2.568356, 0.667575, 3.265157
1763498472.045306, 229.611359, 565.755249, 802.881958, 795.366638, 74.730789, 28.868618, 2, 3.646672, 1.714678, 2.845098, 2.927847, 0.393709, 2.770483, 174.166855, 0.988240, 2.568356, 0.667575, 3.265157
1763498472.834446, 231.749359, 559.859619, 789.103943, 791.609009, 76.035614, 29.275736, 2, 3.614795, 1.691440, 2.092880, 2.852449, 0.391990, 2.732439, 177.490112, 0.988240, 2.568356, 0.667575, 3.265157
1763498473.637377, 223.197357, 569.664185, 802.881958, 792.861572, 74.730789, 28.150860, 2, 3.722625, 1.757283, 2.683337, 2.988829, 0.392221, 2.841425, 175.561569, 0.988240, 2.568356, 0.667575, 3.265157
1763498474.427770, 231.749359, 568.627441, 790.356445, 800.376831, 75.915115, 28.955030, 2, 3.827691, 1.709691, 3.070236, 3.025240, 0.396220, 2.762280, 175.173828, 0.988240, 2.568356, 0.667575, 3.265157
1763498475.226931, 233.887360, 567.742065, 799.124329, 801.629395, 75.082184, 29.176495, 2, 3.770312, 1.697045, 2.415038, 3.012948, 0.396917, 2.741573, 183.354782, 0.988240, 2.568356, 0.667575, 3.265157
1763498476.018577, 228.542343, 556.803894, 791.609009, 785.346252, 75.794991, 29.100838, 2, 3.669005, 1.701343, 3.676040, 2.904417, 0.388829, 2.748597, 95.465836, 0.988240, 2.568356, 0.667575, 3.265157
1763498476.827770, 226.404358, 580.235229, 809.144653, 806.639587, 74.152374, 28.067598, 2, 3.680604, 1.762367, 3.372732, 2.978141, 0.399007, 2.849993, 192.961258, 0.988240, 2.568356, 0.667575, 3.265157
1763498477.626932, 223.197357, 572.169312, 799.124329, 795.366638, 75.082184, 28.062197, 2, 3.750229, 1.762698, 2.668876, 2.996899, 0.393429, 2.850551, 164.664871, 0.988240, 2.568356, 0.667575, 3.265157
1763498478.419830, 234.956345, 571.683228, 792.861572, 806.639587, 75.675255, 29.127798, 2, 3.377523, 1.699809, 5.927900, 2.677908, 0.399381, 2.746088, 124.662834, 0.988240, 2.568356, 0.667575, 3.265157
1763498479.225266, 241.370316, 571.531982, 805.387024, 812.902283, 74.498344, 29.692415, 2, 3.298939, 1.668316, 4.295566, 2.656922, 0.402682, 2.695038, 120.676903, 0.988240, 2.568356, 0.667575, 3.265157
1763498480.039457, 228.542343, 570.581970, 814.154785, 799.124329, 73.696060, 28.599098, 2, 3.688119, 1.730425, 2.565917, 3.002700, 0.395476, 2.796525, 186.092941, 0.988240, 2.568356, 0.667575, 3.265157
1763498480.842388, 228.542343, 574.339600, 802.881958, 802.881958, 74.730789, 28.465248, 2, 3.657395, 1.738357, 2.468270, 2.936457, 0.397288, 2.809721, 156.559937, 0.988240, 2.568356, 0.667575, 3.265157
1763498481.645306, 222.128372, 573.238281, 802.881958, 795.366638, 74.730789, 27.927795, 2, 3.795517, 1.770970, 4.045453, 3.047353, 0.393383, 2.864543, 126.747116, 0.988240, 2.568356, 0.667575, 3.265157
1763498482.440709, 230.680344, 574.706665, 795.366638, 805.387024, 75.436905, 28.642172, 2, 3.872403, 1.727889, 4.426635, 3.079980, 0.398590, 2.792316, 127.829353, 0.988240, 2.568356, 0.667575, 3.265157
1763498483.254914, 223.197357, 582.189697, 814.154785, 805.387024, 73.696060, 27.713057, 2, 3.817450, 1.784355, 1.756556, 3.107995, 0.398263, 2.887304, 222.846405, 0.988240, 2.568356, 0.667575, 3.265157
1763498484.044054, 228.542343, 566.824280, 789.103943, 795.366638, 76.035614, 28.734213, 2, 3.835949, 1.722494, 2.468380, 3.026963, 0.393663, 2.783382, 168.668747, 0.988240, 2.568356, 0.667575, 3.265157
1763498484.841963, 218.921371, 567.677429, 797.871765, 786.598816, 75.200058, 27.831387, 2, 3.831084, 1.776954, 2.853030, 3.056714, 0.389013, 2.874699, 159.982468, 0.988240, 2.568356, 0.667575, 3.265157
1763498485.634861, 225.335358, 575.041504, 792.861572, 800.376831, 75.675255, 28.153658, 2, 3.787045, 1.757113, 3.438359, 3.002603, 0.395940, 2.841139, 172.179550, 0.988240, 2.568356, 0.667575, 3.265157
1763498486.439044, 222.128372, 578.248474, 804.134460, 800.376831, 74.614388, 27.752975, 2, 3.748849, 1.781851, 3.431608, 3.014579, 0.395800, 2.883034, 125.001350, 0.988240, 2.568356, 0.667575, 3.265157
1763498487.230690, 221.059372, 569.297058, 791.609009, 790.356445, 75.794991, 27.969578, 2, 3.756866, 1.768390, 3.740375, 2.973969, 0.390919, 2.860173, 161.776566, 0.988240, 2.568356, 0.667575, 3.265157
1763498488.022335, 221.059372, 570.549622, 791.609009, 791.609009, 75.794991, 27.925322, 2, 3.735011, 1.771123, 2.753280, 2.956668, 0.391523, 2.864803, 180.172256, 0.988240, 2.568356, 0.667575, 3.265157
1763498488.810236, 240.301331, 570.095886, 787.851379, 810.397217, 76.156494, 29.652288, 2, 3.713384, 1.670515, 3.701051, 2.925595, 0.401427, 2.698575, 143.323837, 0.988240, 2.568356, 0.667575, 3.265157
1763498489.611902, 228.542343, 559.309021, 801.629395, 787.851379, 74.847557, 29.008305, 2, 3.677448, 1.706631, 3.614729, 2.947951, 0.390037, 2.757257, 162.965530, 0.988240, 2.568356, 0.667575, 3.265157
1763498490.403548, 234.956345, 564.167969, 791.609009, 799.124329, 75.794991, 29.401726, 2, 3.682155, 1.684379, 3.080787, 2.914827, 0.395756, 2.720971, 158.129227, 0.988240, 2.568356, 0.667575, 3.265157
1763498491.203973, 228.542343, 564.319214, 800.376831, 792.861572, 74.964691, 28.825001, 2, 3.668406, 1.717206, 1.783338, 2.936107, 0.392454, 2.774650, 163.238617, 0.988240, 2.568356, 0.667575, 3.265157
1763498491.995619, 228.542343, 563.066650, 791.609009, 791.609009, 75.794991, 28.870609, 2, 3.768295, 1.714563, 2.661498, 2.983016, 0.391850, 2.770293, 196.288284, 0.988240, 2.568356, 0.667575, 3.265157
1763498492.798537, 219.990372, 572.871216, 802.881958, 792.861572, 74.730789, 27.746380, 2, 3.678471, 1.782264, 1.987855, 2.953378, 0.392081, 2.883739, 187.098480, 0.988240, 2.568356, 0.667575, 3.265157
1763498493.595206, 225.335358, 577.546631, 796.619202, 802.881958, 75.318298, 28.065815, 2, 3.673014, 1.762476, 2.471332, 2.925994, 0.397148, 2.850177, 157.685562, 0.988240, 2.568356, 0.667575, 3.265157
1763498494.380589, 230.680344, 560.928650, 785.346252, 791.609009, 76.399422, 29.140694, 2, 3.781169, 1.699076, 2.870368, 2.969527, 0.391943, 2.744890, 139.349167, 0.988240, 2.568356, 0.667575, 3.265157
1763498495.183508, 223.197357, 570.916748, 802.881958, 794.114136, 74.730789, 28.106457, 2, 3.753278, 1.759991, 1.037538, 3.013440, 0.392825, 2.845986, 176.905426, 0.988240, 2.568356, 0.667575, 3.265157
1763498495.971396, 229.611359, 565.755249, 787.851379, 795.366638, 76.156494, 28.868618, 2, 3.719919, 1.714678, 1.764082, 2.930743, 0.393709, 2.770483, 172.802048, 0.988240, 2.568356, 0.667575, 3.265157
1763498496.756791, 229.611359, 555.734863, 785.346252, 785.346252, 76.399422, 29.236958, 2, 3.792710, 1.693625, 3.418328, 2.978590, 0.388876, 2.735998, 154.796005, 0.988240, 2.568356, 0.667575, 3.265157
1763498497.560962, 223.197357, 573.421875, 804.134460, 796.619202, 74.614388, 28.018076, 2, 3.749891, 1.765405, 2.875717, 3.015417, 0.394034, 2.855124, 211.359970, 0.988240, 2.568356, 0.667575, 3.265157
1763498498.355112, 232.818344, 572.568665, 794.114136, 805.387024, 75.555893, 28.907637, 2, 3.745634, 1.712422, 1.978854, 2.974461, 0.398683, 2.766770, 190.608215, 0.988240, 2.568356, 0.667575, 3.265157
1763498499.139256, 231.749359, 551.091797, 784.093750, 782.841187, 76.521461, 29.603624, 2, 3.860775, 1.673189, 3.443044, 3.027210, 0.387761, 2.702882, 165.438904, 0.988240, 2.568356, 0.667575, 3.265157
1763498499.944679, 226.404358, 572.719971, 805.387024, 799.124329, 74.498344, 28.331556, 2, 3.770550, 1.746354, 2.999888, 3.036752, 0.395382, 2.823080, 184.962997, 0.988240, 2.568356, 0.667575, 3.265157
1763498500.743840, 231.749359, 573.637695, 799.124329, 805.387024, 75.082184, 28.774906, 2, 3.778811, 1.720120, 3.470896, 3.019740, 0.398637, 2.779459, 126.741974, 0.988240, 2.568356, 0.667575, 3.265157
1763498501.559296, 225.335358, 582.556763, 815.407349, 807.892151, 73.582855, 27.891762, 2, 3.662162, 1.773202, 2.896338, 2.986154, 0.399565, 2.868327, 180.691940, 0.988240, 2.568356, 0.667575, 3.265157
1763498502.352195, 224.266357, 567.342651, 792.861572, 791.609009, 75.675255, 28.330444, 2, 3.717326, 1.746421, 2.295294, 2.947325, 0.391663, 2.823192, 173.563171, 0.988240, 2.568356, 0.667575, 3.265157
1763498503.143840, 233.887360, 568.994629, 791.609009, 802.881958, 75.794991, 29.130978, 2, 3.736306, 1.699628, 3.639445, 2.957693, 0.397522, 2.745792, 143.235413, 0.988240, 2.568356, 0.667575, 3.265157
1763498503.946771, 221.059372, 566.791992, 802.881958, 787.851379, 74.730789, 28.058512, 2, 3.754115, 1.762923, 3.200273, 3.014111, 0.389711, 2.850932, 168.227951, 0.988240, 2.568356, 0.667575, 3.265157
1763498504.744680, 226.404358, 577.730103, 797.871765, 804.134460, 75.200058, 28.155037, 2, 3.760155, 1.757029, 3.342814, 3.000122, 0.397799, 2.840997, 165.357880, 0.988240, 2.568356, 0.667575, 3.265157
1763498505.531315, 231.749359, 561.112183, 786.598816, 792.861572, 76.277763, 29.229486, 2, 3.618617, 1.694047, 3.281246, 2.846400, 0.392594, 2.736685, 141.589233, 0.988240, 2.568356, 0.667575, 3.265157
1763498506.330489, 233.887360, 567.742065, 799.124329, 801.629395, 75.082184, 29.176495, 2, 3.614687, 1.697045, 2.058499, 2.888585, 0.396917, 2.741573, 151.337738, 0.988240, 2.568356, 0.667575, 3.265157
1763498507.130902, 221.059372, 564.286865, 800.376831, 785.346252, 74.964691, 28.148014, 2, 3.668020, 1.757457, 2.014268, 2.935798, 0.388502, 2.841717, 171.308731, 0.988240, 2.568356, 0.667575, 3.265157
1763498507.926305, 231.749359, 576.142822, 795.366638, 807.892151, 75.436905, 28.685680, 2, 3.719770, 1.725334, 3.019587, 2.958581, 0.399845, 2.788083, 178.294022, 0.988240, 2.568356, 0.667575, 3.265157
1763498508.709183, 234.956345, 551.642456, 782.841187, 786.598816, 76.643898, 29.869907, 2, 3.808182, 1.658662, 3.377639, 2.981202, 0.389713, 2.679558, 149.702606, 0.988240, 2.568356, 0.667575, 3.265157
1763498509.515871, 242.439331, 572.968018, 806.639587, 815.407349, 74.382660, 29.732296, 2, 3.750986, 1.666137, 2.708459, 3.025694, 0.403937, 2.691537, 142.450638, 0.988240, 2.568356, 0.667575, 3.265157
1763498510.337579, 227.473358, 576.661133, 821.670105, 804.134460, 73.022003, 28.287973, 2, 3.591795, 1.748977, 0.236699, 2.951271, 0.397846, 2.827474, 175.394867, 0.988240, 2.568356, 0.667575, 3.265157
1763498511.130477, 236.025330, 566.856628, 792.861572, 802.881958, 75.675255, 29.397264, 2, 3.539929, 1.684628, 3.415155, 2.806674, 0.397615, 2.721374, 173.931717, 0.988240, 2.568356, 0.667575, 3.265157
1763498511.924640, 228.542343, 556.803894, 794.114136, 785.346252, 75.555893, 29.100838, 2, 3.782988, 1.701343, 3.333629, 3.004124, 0.388829, 2.748597, 154.901718, 0.988240, 2.568356, 0.667575, 3.265157
1763498512.716285, 233.887360, 563.984375, 791.609009, 797.871765, 75.794991, 29.313904, 2, 3.894525, 1.689294, 2.980926, 3.082941, 0.395105, 2.728950, 162.684875, 0.988240, 2.568356, 0.667575, 3.265157
1763498513.507931, 238.163330, 558.455872, 791.609009, 796.619202, 75.794991, 29.896759, 2, 3.762435, 1.657212, 4.428516, 2.978377, 0.394687, 2.677239, 160.190292, 0.988240, 2.568356, 0.667575, 3.265157
1763498514.289568, 240.301331, 543.792419, 781.588623, 784.093750, 76.766724, 30.647015, 2, 3.844888, 1.617711, 4.747023, 3.005121, 0.388738, 2.614773, 115.472832, 0.988240, 2.568356, 0.667575, 3.265157
1763498515.101255, 227.473358, 569.145874, 811.649780, 796.619202, 73.923508, 28.554842, 2, 3.795950, 1.733040, 2.653677, 3.080982, 0.394220, 2.800868, 181.577042, 0.988240, 2.568356, 0.667575, 3.265157
1763498515.905427, 224.266357, 576.110474, 804.134460, 800.376831, 74.614388, 28.020096, 2, 3.745342, 1.765281, 3.922832, 3.011759, 0.395893, 2.854914, 112.199554, 0.988240, 2.568356, 0.667575, 3.265157
1763498516.703347, 224.266357, 573.605408, 797.871765, 797.871765, 75.200058, 28.108068, 2, 3.794014, 1.759892, 4.932061, 3.027137, 0.394685, 2.845819, 132.448105, 0.988240, 2.568356, 0.667575, 3.265157
1763498517.506266, 227.473358, 579.166260, 802.881958, 806.639587, 74.730789, 28.200123, 2, 3.734276, 1.754290, 4.198583, 2.998183, 0.399054, 2.836390, 125.790672, 0.988240, 2.568356, 0.667575, 3.265157
1763498518.295406, 233.887360, 562.731812, 789.103943, 796.619202, 76.035614, 29.359997, 2, 3.822075, 1.686711, 4.964008, 3.016015, 0.394500, 2.724754, 127.746971, 0.988240, 2.568356, 0.667575, 3.265157
1763498519.090822, 233.887360, 561.479248, 795.366638, 795.366638, 75.436905, 29.406231, 2, 3.738572, 1.684128, 4.354479, 2.973536, 0.393896, 2.720563, 173.149261, 0.988240, 2.568356, 0.667575, 3.265157
1763498519.878709, 231.749359, 553.596924, 787.851379, 785.346252, 76.156494, 29.509195, 2, 3.752384, 1.678404, 5.233893, 2.956321, 0.388969, 2.711298, 117.958801, 0.988240, 2.568356, 0.667575, 3.265157
1763498520.670355, 250.991302, 563.163452, 791.609009, 814.154785, 75.794991, 30.828449, 2, 3.675617, 1.608447, 4.592565, 2.909652, 0.403706, 2.600315, 111.103500, 0.988240, 2.568356, 0.667575, 3.265157
1763498521.456991, 233.887360, 532.670654, 786.598816, 766.558044, 76.277763, 30.511370, 2, 3.856916, 1.624709, 4.198767, 3.033845, 0.379999, 2.625742, 110.320686, 0.988240, 2.568356, 0.667575, 3.265157
1763498522.242386, 228.542343, 550.541199, 785.346252, 779.083557, 76.399422, 29.334766, 2, 3.804502, 1.688124, 1.724831, 2.987851, 0.385808, 2.727048, 141.476929, 0.988240, 2.568356, 0.667575, 3.265157
1763498523.030274, 233.887360, 560.226807, 787.851379, 794.114136, 76.156494, 29.452614, 2, 3.785296, 1.681544, 1.887367, 2.982251, 0.393292, 2.716378, 179.324905, 0.988240, 2.568356, 0.667575, 3.265157
1763498523.829435, 228.542343, 564.319214, 799.124329, 792.861572, 75.082184, 28.825001, 2, 3.690533, 1.717206, 1.627442, 2.949195, 0.392454, 2.774650, 176.047531, 0.988240, 2.568356, 0.667575, 3.265157
1763498524.609820, 230.680344, 552.160828, 780.336121, 782.841187, 76.889946, 29.467068, 2, 3.658366, 1.680741, 2.751103, 2.854755, 0.387714, 2.715078, 169.124741, 0.988240, 2.568356, 0.667575, 3.265157
1763498525.397708, 232.818344, 557.538086, 787.851379, 790.356445, 76.156494, 29.457384, 2, 3.611906, 1.681279, 1.653191, 2.845645, 0.391433, 2.715949, 141.445770, 0.988240, 2.568356, 0.667575, 3.265157
1763498526.175576, 237.094315, 545.746887, 777.830994, 782.841187, 77.137581, 30.286386, 2, 3.816197, 1.636454, 3.899665, 2.968356, 0.387994, 2.644247, 144.310501, 0.988240, 2.568356, 0.667575, 3.265157
1763498526.979748, 239.232315, 567.407288, 804.134460, 806.639587, 74.614388, 29.657894, 2, 3.704582, 1.670208, 4.409001, 2.978982, 0.399568, 2.698080, 121.444687, 0.988240, 2.568356, 0.667575, 3.265157
1763498527.787688, 239.232315, 568.659851, 807.892151, 807.892151, 74.267342, 29.611912, 2, 3.539906, 1.672733, 2.598749, 2.859862, 0.400172, 2.702147, 178.277863, 0.988240, 2.568356, 0.667575, 3.265157
1763498528.568061, 246.715332, 542.388611, 780.336121, 789.103943, 76.889946, 31.265253, 2, 3.576367, 1.586586, 4.333009, 2.790768, 0.391435, 2.566485, 119.710793, 0.988240, 2.568356, 0.667575, 3.265157
1763498529.343424, 237.094315, 526.958679, 775.325928, 764.052979, 77.386810, 31.031136, 2, 3.664982, 1.598227, 4.069727, 2.841555, 0.378930, 2.584448, 123.615395, 0.988240, 2.568356, 0.667575, 3.265157
1763498530.130059, 230.680344, 548.403198, 786.598816, 779.083557, 76.277763, 29.609192, 2, 3.779068, 1.672883, 3.610081, 2.972610, 0.385901, 2.702388, 128.925980, 0.988240, 2.568356, 0.667575, 3.265157
1763498530.912949, 237.094315, 553.262146, 782.841187, 790.356445, 76.643898, 29.998404, 2, 3.759776, 1.651745, 2.908217, 2.943307, 0.391619, 2.668514, 166.021973, 0.988240, 2.568356, 0.667575, 3.265157
1763498531.713362, 225.335358, 561.263428, 800.376831, 786.598816, 74.964691, 28.646797, 2, 3.865536, 1.727617, 2.145558, 3.093886, 0.389293, 2.791865, 172.782455, 0.988240, 2.568356, 0.667575, 3.265157
1763498532.516282, 224.266357, 577.363037, 802.881958, 801.629395, 74.730789, 27.976313, 2, 3.875800, 1.767975, 1.575686, 3.111810, 0.396497, 2.859470, 198.464432, 0.988240, 2.568356, 0.667575, 3.265157
1763498533.301677, 226.404358, 561.447021, 785.346252, 787.851379, 76.399422, 28.736937, 2, 3.938959, 1.722335, 3.250111, 3.093447, 0.389944, 2.783119, 117.875252, 0.988240, 2.568356, 0.667575, 3.265157
1763498534.110858, 219.990372, 581.639038, 809.144653, 801.629395, 74.152374, 27.442902, 2, 4.058094, 1.801491, 1.881723, 3.283585, 0.396311, 2.916666, 210.647446, 0.988240, 2.568356, 0.667575, 3.265157
1763498534.908766, 222.128372, 578.248474, 797.871765, 800.376831, 75.200058, 27.752975, 2, 3.838408, 1.781851, 0.693210, 3.062558, 0.395800, 2.883034, 178.012619, 0.988240, 2.568356, 0.667575, 3.265157
1763498535.697919, 228.542343, 568.076843, 789.103943, 796.619202, 76.035614, 28.689034, 2, 3.874656, 1.725138, 3.460013, 3.057507, 0.394267, 2.787757, 158.232407, 0.988240, 2.568356, 0.667575, 3.265157
1763498536.505848, 225.335358, 578.799072, 807.892151, 804.134460, 74.267342, 28.022099, 2, 3.915599, 1.765157, 2.661019, 3.163381, 0.397752, 2.854706, 183.010498, 0.988240, 2.568356, 0.667575, 3.265157
1763498537.298746, 216.783386, 566.057800, 792.861572, 782.841187, 75.675255, 27.691874, 2, 3.832127, 1.785686, 3.792537, 3.038346, 0.387107, 2.889576, 123.831543, 0.988240, 2.568356, 0.667575, 3.265157
1763498538.105435, 229.611359, 592.058716, 806.639587, 821.670105, 74.382660, 27.944469, 2, 3.815887, 1.769940, 3.558435, 3.078046, 0.406398, 2.862797, 168.090042, 0.988240, 2.568356, 0.667575, 3.265157
1763498538.903343, 225.335358, 567.526245, 797.871765, 792.861572, 75.200058, 28.420517, 2, 3.948965, 1.741024, 2.781353, 3.150768, 0.392314, 2.814171, 188.048630, 0.988240, 2.568356, 0.667575, 3.265157
1763498539.697494, 221.059372, 568.044556, 794.114136, 789.103943, 75.555893, 28.013975, 2, 3.977384, 1.765657, 1.160086, 3.158497, 0.390315, 2.855549, 183.658707, 0.988240, 2.568356, 0.667575, 3.265157
1763498540.499172, 215.714386, 579.652222, 801.629395, 795.366638, 74.847557, 27.121376, 2, 3.948695, 1.822330, 3.183119, 3.165390, 0.393103, 2.952709, 140.585846, 0.988240, 2.568356, 0.667575, 3.265157
1763498541.292070, 231.749359, 579.900391, 792.861572, 811.649780, 75.675255, 28.552877, 2, 3.960155, 1.733156, 3.711638, 3.139854, 0.401658, 2.801062, 125.398727, 0.988240, 2.568356, 0.667575, 3.265157
1763498542.089979, 223.197357, 564.654053, 797.871765, 787.851379, 75.200058, 28.329882, 2, 3.840488, 1.746455, 1.313068, 3.064217, 0.389804, 2.823248, 156.503723, 0.988240, 2.568356, 0.667575, 3.265157
1763498542.882877, 225.335358, 570.031250, 792.861572, 795.366638, 75.675255, 28.331005, 2, 3.671189, 1.746387, 1.055393, 2.910744, 0.393523, 2.823135, 163.471741, 0.988240, 2.568356, 0.667575, 3.265157
1763498543.682051, 223.197357, 573.421875, 799.124329, 796.619202, 75.082184, 28.018076, 2, 3.689076, 1.765405, 1.057422, 2.948031, 0.394034, 2.855124, 176.096146, 0.988240, 2.568356, 0.667575, 3.265157
1763498544.458666, 226.404358, 553.931763, 776.578430, 780.336121, 77.261993, 29.013697, 2, 3.882166, 1.706322, 2.818021, 3.014807, 0.386319, 2.756750, 156.440964, 0.988240, 2.568356, 0.667575, 3.265157
1763498545.265342, 221.059372, 579.317444, 806.639587, 800.376831, 74.382660, 27.619413, 2, 3.871962, 1.790257, 3.033531, 3.123278, 0.395753, 2.897388, 169.863113, 0.988240, 2.568356, 0.667575, 3.265157
1763498546.045727, 232.818344, 561.295776, 780.336121, 794.114136, 76.889946, 29.317995, 2, 3.911027, 1.689065, 3.051865, 3.051916, 0.393245, 2.728577, 138.090469, 0.988240, 2.568356, 0.667575, 3.265157
1763498546.826099, 227.473358, 546.599976, 780.336121, 774.073364, 76.889946, 29.386538, 2, 3.790205, 1.685227, 2.443738, 2.957634, 0.383344, 2.722346, 181.012955, 0.988240, 2.568356, 0.667575, 3.265157
1763498547.583926, 240.301331, 532.519470, 757.790222, 772.820801, 79.177582, 31.094057, 2, 3.611280, 1.595081, 1.813920, 2.736593, 0.383300, 2.579582, 97.793282, 0.988240, 2.568356, 0.667575, 3.265157
1763498548.350521, 246.715332, 527.358032, 766.558044, 774.073364, 78.271957, 31.872345, 2, 3.473743, 1.557197, 4.851273, 2.662826, 0.384184, 2.521646, 108.236809, 0.988240, 2.568356, 0.667575, 3.265157
1763498549.142180, 237.094315, 543.241821, 791.609009, 780.336121, 75.794991, 30.383614, 2, 3.445951, 1.631357, 3.943195, 2.727846, 0.386785, 2.636202, 153.566971, 0.988240, 2.568356, 0.667575, 3.265157
1763498549.907522, 228.542343, 526.742859, 765.305542, 755.285217, 78.400063, 30.259079, 2, 3.641387, 1.637891, 4.515281, 2.786774, 0.374328, 2.646520, 117.696777, 0.988240, 2.568356, 0.667575, 3.265157
1763498550.686642, 230.680344, 550.908264, 779.083557, 781.588623, 77.013565, 29.514292, 2, 3.714176, 1.678121, 3.780327, 2.893653, 0.387110, 2.710842, 125.341942, 0.988240, 2.568356, 0.667575, 3.265157
1763498551.458247, 233.887360, 541.438599, 771.568237, 775.325928, 77.763702, 30.166328, 2, 3.789262, 1.642793, 3.974441, 2.923674, 0.384229, 2.654284, 123.440742, 0.988240, 2.568356, 0.667575, 3.265157
1763498552.243630, 227.473358, 550.357666, 785.346252, 777.830994, 76.399422, 29.244576, 2, 3.626429, 1.693196, 3.473220, 2.848002, 0.385157, 2.735298, 169.130905, 0.988240, 2.568356, 0.667575, 3.265157
1763498553.007731, 225.335358, 536.212524, 764.052979, 761.547852, 78.528587, 29.589125, 2, 3.681761, 1.673988, 3.466912, 2.813061, 0.377209, 2.704170, 186.223206, 0.988240, 2.568356, 0.667575, 3.265157
1763498553.780589, 234.956345, 549.137390, 772.820801, 784.093750, 77.637665, 29.965338, 2, 3.650347, 1.653519, 2.783123, 2.821064, 0.388505, 2.671343, 168.641968, 0.988240, 2.568356, 0.667575, 3.265157
1763498554.548437, 241.370316, 533.955627, 767.810608, 775.325928, 78.144272, 31.131464, 2, 3.619636, 1.593217, 4.278560, 2.779195, 0.384555, 2.576703, 114.863144, 0.988240, 2.568356, 0.667575, 3.265157
1763498555.317537, 238.163330, 527.142212, 769.063171, 765.305542, 78.016998, 31.120031, 2, 3.601854, 1.593786, 3.871814, 2.770053, 0.379581, 2.577582, 140.414597, 0.988240, 2.568356, 0.667575, 3.265157
1763498556.096657, 239.232315, 541.103821, 779.083557, 780.336121, 77.013565, 30.657598, 2, 3.648457, 1.617168, 4.184417, 2.842453, 0.386879, 2.613923, 109.758011, 0.988240, 2.568356, 0.667575, 3.265157
1763498556.887062, 230.680344, 549.655762, 790.356445, 780.336121, 75.915115, 29.561666, 2, 3.667050, 1.675502, 2.950898, 2.898277, 0.386505, 2.706612, 189.483780, 0.988240, 2.568356, 0.667575, 3.265157
1763498557.668687, 234.956345, 551.642456, 781.588623, 786.598816, 76.766724, 29.869907, 2, 3.626192, 1.658662, 2.638737, 2.834190, 0.389713, 2.679558, 178.441147, 0.988240, 2.568356, 0.667575, 3.265157
1763498558.434029, 241.370316, 531.450500, 765.305542, 772.820801, 78.400063, 31.232378, 2, 3.758017, 1.588210, 4.762959, 2.876031, 0.383347, 2.568984, 114.483292, 0.988240, 2.568356, 0.667575, 3.265157
1763498559.218160, 237.094315, 541.989258, 784.093750, 779.083557, 76.521461, 30.432463, 2, 3.650981, 1.628808, 4.582716, 2.862711, 0.386181, 2.632188, 118.457848, 0.988240, 2.568356, 0.667575, 3.265157
1763498560.002303, 237.094315, 546.999451, 784.093750, 784.093750, 76.521461, 30.238005, 2, 3.632802, 1.639002, 4.330906, 2.848458, 0.388598, 2.648278, 124.319107, 0.988240, 2.568356, 0.667575, 3.265157
1763498560.770150, 239.232315, 531.083435, 767.810608, 770.315735, 78.144272, 31.056398, 2, 3.823101, 1.596962, 4.399410, 2.935417, 0.382045, 2.582491, 121.773888, 0.988240, 2.568356, 0.667575, 3.265157
1763498561.556786, 240.301331, 547.550049, 786.598816, 787.851379, 76.277763, 30.500845, 2, 3.671163, 1.625255, 4.092488, 2.887733, 0.390551, 2.626599, 145.086517, 0.988240, 2.568356, 0.667575, 3.265157
1763498562.340916, 238.163330, 543.425293, 784.093750, 781.588623, 76.521461, 30.471697, 2, 3.686138, 1.626767, 4.197291, 2.890278, 0.387436, 2.628977, 149.439255, 0.988240, 2.568356, 0.667575, 3.265157
1763498563.127563, 238.163330, 548.435486, 786.598816, 786.598816, 76.277763, 30.277611, 2, 3.723576, 1.636916, 4.668595, 2.928960, 0.389853, 2.644977, 118.729988, 0.988240, 2.568356, 0.667575, 3.265157
1763498563.924219, 237.094315, 558.272339, 796.619202, 795.366638, 75.318298, 29.809437, 2, 3.731786, 1.661939, 5.255953, 2.972812, 0.394036, 2.684803, 118.175621, 0.988240, 2.568356, 0.667575, 3.265157
1763498564.719622, 231.749359, 557.354614, 795.366638, 789.103943, 75.436905, 29.368675, 2, 3.719638, 1.686225, 3.644462, 2.958476, 0.390782, 2.723965, 174.051514, 0.988240, 2.568356, 0.667575, 3.265157
1763498565.503766, 225.335358, 551.243042, 784.093750, 776.578430, 76.521461, 29.016432, 2, 3.839144, 1.706165, 3.212336, 3.010249, 0.384459, 2.756493, 174.259445, 0.988240, 2.568356, 0.667575, 3.265157
1763498566.299169, 230.680344, 570.949036, 795.366638, 801.629395, 75.436905, 28.776434, 2, 3.728389, 1.720031, 3.551094, 2.965436, 0.396777, 2.779312, 136.439392, 0.988240, 2.568356, 0.667575, 3.265157
1763498567.080794, 231.749359, 551.091797, 781.588623, 782.841187, 76.766724, 29.603624, 2, 3.760709, 1.673189, 4.407711, 2.939328, 0.387761, 2.702882, 119.060982, 0.988240, 2.568356, 0.667575, 3.265157
1763498567.882460, 223.197357, 568.411621, 801.629395, 791.609009, 74.847557, 28.195404, 2, 3.713516, 1.754576, 4.324303, 2.976864, 0.391617, 2.836872, 134.579681, 0.988240, 2.568356, 0.667575, 3.265157
1763498568.680381, 227.473358, 575.408569, 797.871765, 802.881958, 75.200058, 28.332106, 2, 3.720904, 1.746321, 2.548357, 2.968804, 0.397242, 2.823025, 173.038422, 0.988240, 2.568356, 0.667575, 3.265157
1763498569.456996, 237.094315, 550.757080, 776.578430, 787.851379, 77.261993, 30.093786, 2, 3.799658, 1.646648, 5.224043, 2.950732, 0.390411, 2.660403, 120.902779, 0.988240, 2.568356, 0.667575, 3.265157
1763498570.251146, 234.956345, 556.652649, 794.114136, 791.609009, 75.555893, 29.680857, 2, 3.753905, 1.668949, 2.956837, 2.981029, 0.392130, 2.696056, 168.633102, 0.988240, 2.568356, 0.667575, 3.265157
1763498571.044058, 233.887360, 557.721680, 792.861572, 791.609009, 75.675255, 29.545820, 2, 3.661714, 1.676377, 4.251372, 2.903232, 0.392083, 2.708025, 119.188187, 0.988240, 2.568356, 0.667575, 3.265157
1763498571.838208, 239.232315, 561.144531, 794.114136, 800.376831, 75.555893, 29.889959, 2, 3.739160, 1.657579, 4.964524, 2.969320, 0.396546, 2.677826, 111.658348, 0.988240, 2.568356, 0.667575, 3.265157
1763498572.642379, 230.680344, 563.433777, 804.134460, 794.114136, 74.614388, 29.048765, 2, 3.739011, 1.704315, 3.601264, 3.006668, 0.393152, 2.753461, 132.899841, 0.988240, 2.568356, 0.667575, 3.265157
1763498573.430280, 232.818344, 557.538086, 787.851379, 790.356445, 76.156494, 29.457384, 2, 3.738767, 1.681279, 4.219204, 2.945593, 0.391433, 2.715949, 126.936813, 0.988240, 2.568356, 0.667575, 3.265157
1763498574.225683, 234.956345, 562.915405, 795.366638, 797.871765, 75.436905, 29.447884, 2, 3.775147, 1.681807, 4.595516, 3.002626, 0.395151, 2.716804, 126.749786, 0.988240, 2.568356, 0.667575, 3.265157
1763498574.994782, 238.163330, 534.657471, 769.063171, 772.820801, 78.016998, 30.817408, 2, 3.807749, 1.609008, 5.608028, 2.928400, 0.383207, 2.601188, 102.173569, 0.988240, 2.568356, 0.667575, 3.265157
1763498575.785175, 232.818344, 551.275391, 790.356445, 784.093750, 75.915115, 29.692667, 2, 3.809082, 1.668303, 5.121048, 3.010532, 0.388411, 2.695016, 119.535576, 0.988240, 2.568356, 0.667575, 3.265157
1763498576.583097, 229.611359, 564.502808, 797.871765, 794.114136, 75.200058, 28.914150, 2, 3.796179, 1.712046, 2.546845, 3.028864, 0.393105, 2.766151, 181.260620, 0.988240, 2.568356, 0.667575, 3.265157
1763498577.374743, 238.163330, 563.466064, 791.609009, 801.629395, 75.794991, 29.709906, 2, 3.705067, 1.667360, 5.038341, 2.932965, 0.397104, 2.693501, 112.043076, 0.988240, 2.568356, 0.667575, 3.265157
1763498578.173903, 232.818344, 560.043213, 799.124329, 792.861572, 75.082184, 29.364311, 2, 3.569423, 1.686470, 4.186962, 2.852413, 0.392641, 2.724362, 111.754311, 0.988240, 2.568356, 0.667575, 3.265157
1763498578.949266, 240.301331, 543.792419, 775.325928, 784.093750, 77.386810, 30.647015, 2, 3.729405, 1.617711, 5.483415, 2.891504, 0.388738, 2.614773, 114.793121, 0.988240, 2.568356, 0.667575, 3.265157
1763498579.740924, 239.232315, 551.124146, 791.609009, 790.356445, 75.794991, 30.268913, 2, 3.692762, 1.637373, 3.877015, 2.923223, 0.391713, 2.645701, 151.549011, 0.988240, 2.568356, 0.667575, 3.265157
1763498580.512528, 241.370316, 532.703064, 771.568237, 774.073364, 77.763702, 31.181839, 2, 3.660604, 1.590714, 5.206890, 2.824406, 0.383951, 2.572841, 118.296646, 0.988240, 2.568356, 0.667575, 3.265157
1763498581.294154, 229.611359, 538.199219, 781.588623, 767.810608, 76.766724, 29.904688, 2, 3.630930, 1.656784, 4.893806, 2.837893, 0.380416, 2.676555, 120.294762, 0.988240, 2.568356, 0.667575, 3.265157
1763498582.064507, 231.749359, 541.071411, 770.315735, 772.820801, 77.890137, 29.987463, 2, 3.701676, 1.652331, 5.614595, 2.851460, 0.382927, 2.669449, 114.362427, 0.988240, 2.568356, 0.667575, 3.265157
1763498582.843639, 224.266357, 546.049377, 779.083557, 770.315735, 77.013565, 29.113564, 2, 3.753365, 1.700619, 3.541798, 2.924185, 0.381392, 2.747411, 175.968292, 0.988240, 2.568356, 0.667575, 3.265157
1763498583.622759, 232.818344, 556.285583, 779.083557, 789.103943, 77.013565, 29.504141, 2, 3.879496, 1.678684, 2.998117, 3.022451, 0.390828, 2.711751, 157.433563, 0.988240, 2.568356, 0.667575, 3.265157
1763498584.408142, 234.956345, 552.895020, 785.346252, 787.851379, 76.399422, 29.822422, 2, 3.808060, 1.661234, 3.269515, 2.990646, 0.390317, 2.683674, 164.116196, 0.988240, 2.568356, 0.667575, 3.265157
1763498585.198535, 232.818344, 555.033020, 790.356445, 787.851379, 75.915115, 29.551050, 2, 3.777175, 1.676088, 2.714472, 2.985315, 0.390224, 2.707558, 173.257309, 0.988240, 2.568356, 0.667575, 3.265157
1763498585.980173, 238.163330, 549.688049, 781.588623, 787.851379, 76.766724, 30.229473, 2, 3.738917, 1.639453, 3.852815, 2.922295, 0.390457, 2.648991, 151.436142, 0.988240, 2.568356, 0.667575, 3.265157
1763498586.766809, 227.473358, 546.599976, 786.598816, 774.073364, 76.277763, 29.386538, 2, 3.642832, 1.685227, 2.546365, 2.865447, 0.383344, 2.722346, 185.187180, 0.988240, 2.568356, 0.667575, 3.265157
1763498587.538414, 234.956345, 545.379761, 771.568237, 780.336121, 77.763702, 30.109632, 2, 3.639734, 1.645804, 3.849753, 2.808303, 0.386692, 2.659063, 175.862289, 0.988240, 2.568356, 0.667575, 3.265157
1763498588.323797, 231.749359, 549.839233, 785.346252, 781.588623, 76.399422, 29.651066, 2, 3.636431, 1.670582, 2.803487, 2.855858, 0.387156, 2.698683, 165.881943, 0.988240, 2.568356, 0.667575, 3.265157
1763498589.102929, 231.749359, 547.334229, 779.083557, 779.083557, 77.013565, 29.746407, 2, 3.716067, 1.665368, 4.694529, 2.895127, 0.385948, 2.690302, 121.061180, 0.988240, 2.568356, 0.667575, 3.265157
1763498589.878291, 229.611359, 543.209473, 775.325928, 772.820801, 77.386810, 29.710814, 2, 3.797256, 1.667310, 4.414572, 2.944111, 0.382833, 2.693421, 145.220963, 0.988240, 2.568356, 0.667575, 3.265157
1763498590.647391, 246.715332, 542.388611, 769.063171, 789.103943, 78.016998, 31.265253, 2, 3.837618, 1.586586, 6.582250, 2.951371, 0.391435, 2.566485, 134.976517, 0.988240, 2.568356, 0.667575, 3.265157
1763498591.446552, 232.818344, 550.022827, 799.124329, 782.841187, 75.082184, 29.740175, 2, 3.632921, 1.665707, 4.360012, 2.903155, 0.387807, 2.690847, 128.861847, 0.988240, 2.568356, 0.667575, 3.265157
1763498592.234453, 230.680344, 554.665894, 787.851379, 785.346252, 76.156494, 29.373074, 2, 3.742402, 1.685980, 3.829427, 2.948456, 0.388922, 2.723567, 165.937363, 0.988240, 2.568356, 0.667575, 3.265157
1763498592.997290, 225.335358, 531.202393, 762.800415, 756.537720, 78.657532, 29.785078, 2, 3.828904, 1.663262, 5.124589, 2.920690, 0.374792, 2.686924, 125.521996, 0.988240, 2.568356, 0.667575, 3.265157
1763498593.786431, 228.542343, 564.319214, 789.103943, 792.861572, 76.035614, 28.825001, 2, 3.754518, 1.717206, 3.998271, 2.962705, 0.392454, 2.774650, 136.761276, 0.988240, 2.568356, 0.667575, 3.265157
1763498594.566803, 237.094315, 553.262146, 780.336121, 790.356445, 76.889946, 29.998404, 2, 3.655117, 1.651745, 3.929325, 2.852220, 0.391619, 2.668514, 123.344414, 0.988240, 2.568356, 0.667575, 3.265157
1763498595.350946, 231.749359, 546.081665, 784.093750, 777.830994, 76.521461, 29.794308, 2, 3.738009, 1.662760, 4.009522, 2.930949, 0.385344, 2.686119, 149.147614, 0.988240, 2.568356, 0.667575, 3.265157
1763498596.137581, 232.818344, 555.033020, 786.598816, 787.851379, 76.277763, 29.551050, 2, 3.727451, 1.676088, 4.823310, 2.932009, 0.390224, 2.707558, 125.206230, 0.988240, 2.568356, 0.667575, 3.265157
1763498596.930479, 231.749359, 559.859619, 792.861572, 791.609009, 75.675255, 29.275736, 2, 3.688871, 1.691440, 3.948692, 2.924764, 0.391990, 2.732439, 196.205032, 0.988240, 2.568356, 0.667575, 3.265157
1763498597.718367, 225.335358, 555.000732, 787.851379, 780.336121, 76.156494, 28.876703, 2, 3.720462, 1.714210, 4.478244, 2.931171, 0.386272, 2.769712, 133.037964, 0.988240, 2.568356, 0.667575, 3.265157
1763498598.486228, 228.542343, 543.025879, 767.810608, 771.568237, 78.144272, 29.620495, 2, 4.016069, 1.672261, 4.352818, 3.083580, 0.382183, 2.701387, 138.037964, 0.988240, 2.568356, 0.667575, 3.265157
1763498599.269105, 222.128372, 553.197571, 782.841187, 775.325928, 76.643898, 28.649675, 2, 3.865227, 1.727448, 3.602223, 3.025859, 0.383715, 2.791584, 165.252335, 0.988240, 2.568356, 0.667575, 3.265157
1763498600.051983, 232.818344, 562.548279, 782.841187, 795.366638, 76.643898, 29.271826, 2, 3.889142, 1.691660, 4.304935, 3.044580, 0.393850, 2.732798, 119.809502, 0.988240, 2.568356, 0.667575, 3.265157
1763498600.849904, 219.990372, 562.850830, 797.871765, 782.841187, 75.200058, 28.101534, 2, 3.900970, 1.760291, 3.741740, 3.112474, 0.387247, 2.846492, 192.016800, 0.988240, 2.568356, 0.667575, 3.265157
1763498601.625266, 222.128372, 555.702637, 775.325928, 777.830994, 77.386810, 28.557407, 2, 3.906628, 1.732888, 1.672337, 3.028910, 0.384924, 2.800616, 218.693542, 0.988240, 2.568356, 0.667575, 3.265157
1763498602.405639, 221.059372, 558.024170, 780.336121, 779.083557, 76.889946, 28.374281, 2, 3.870054, 1.743790, 3.348606, 3.019943, 0.385481, 2.818791, 162.765274, 0.988240, 2.568356, 0.667575, 3.265157
1763498603.179749, 233.887360, 555.216553, 774.073364, 789.103943, 77.512032, 29.639614, 2, 3.941011, 1.671211, 4.013618, 3.050631, 0.390875, 2.699695, 122.823792, 0.988240, 2.568356, 0.667575, 3.265157
1763498603.990196, 227.473358, 575.408569, 810.397217, 802.881958, 74.037766, 28.332106, 2, 3.626835, 1.746321, 2.384382, 2.939177, 0.397242, 2.823025, 177.421112, 0.988240, 2.568356, 0.667575, 3.265157
1763498604.769316, 228.542343, 551.793762, 779.083557, 780.336121, 77.013565, 29.287682, 2, 3.755315, 1.690768, 3.220156, 2.925704, 0.386412, 2.731346, 163.796310, 0.988240, 2.568356, 0.667575, 3.265157
1763498605.569729, 227.473358, 571.651001, 800.376831, 799.124329, 74.964691, 28.465328, 2, 3.658154, 1.738352, 1.730291, 2.927902, 0.395429, 2.809713, 149.705124, 0.988240, 2.568356, 0.667575, 3.265157
1763498606.347597, 237.094315, 552.009644, 777.830994, 789.103943, 77.137581, 30.046019, 2, 3.710838, 1.649196, 4.835041, 2.886405, 0.391015, 2.664456, 123.866234, 0.988240, 2.568356, 0.667575, 3.265157
1763498607.139254, 230.680344, 553.413391, 791.609009, 784.093750, 75.794991, 29.419994, 2, 3.726453, 1.683360, 2.760510, 2.949894, 0.388318, 2.719319, 173.904221, 0.988240, 2.568356, 0.667575, 3.265157
1763498607.922132, 229.611359, 551.977295, 782.841187, 781.588623, 76.643898, 29.377520, 2, 3.703168, 1.685731, 4.075888, 2.898992, 0.387063, 2.723163, 124.948181, 0.988240, 2.568356, 0.667575, 3.265157
1763498608.712525, 213.576385, 557.991821, 790.356445, 771.568237, 75.915115, 27.680817, 2, 3.798086, 1.786382, 1.502201, 3.001842, 0.381529, 2.890765, 197.458786, 0.988240, 2.568356, 0.667575, 3.265157
1763498609.480373, 228.542343, 556.803894, 767.810608, 785.346252, 78.144272, 29.100838, 2, 3.809184, 1.701343, 4.125910, 2.924732, 0.388829, 2.748597, 129.518463, 0.988240, 2.568356, 0.667575, 3.265157
1763498610.259506, 233.887360, 551.458862, 779.083557, 785.346252, 77.013565, 29.781431, 2, 3.759233, 1.663460, 4.499825, 2.928756, 0.389062, 2.687242, 127.277878, 0.988240, 2.568356, 0.667575, 3.265157
1763498611.041131, 239.232315, 548.619080, 781.588623, 787.851379, 76.766724, 30.365158, 2, 3.704016, 1.632322, 4.185781, 2.895017, 0.390504, 2.637723, 148.080292, 0.988240, 2.568356, 0.667575, 3.265157
1763498611.834029, 228.542343, 551.793762, 792.861572, 780.336121, 75.675255, 29.287682, 2, 3.653514, 1.690768, 3.455365, 2.896731, 0.386412, 2.731346, 173.489227, 0.988240, 2.568356, 0.667575, 3.265157
1763498612.624422, 219.990372, 560.345764, 790.356445, 780.336121, 75.915115, 28.191746, 2, 3.809019, 1.754798, 3.876609, 3.010483, 0.386039, 2.837245, 127.781776, 0.988240, 2.568356, 0.667575, 3.265157
1763498613.411070, 224.266357, 567.342651, 786.598816, 791.609009, 76.277763, 28.330444, 2, 3.922782, 1.746421, 2.926071, 3.085656, 0.391663, 2.823192, 195.444260, 0.988240, 2.568356, 0.667575, 3.265157
1763498614.195201, 214.645386, 558.175415, 784.093750, 772.820801, 76.521461, 27.774277, 2, 4.104881, 1.780518, 1.164328, 3.218611, 0.382180, 2.880764, 232.490204, 0.988240, 2.568356, 0.667575, 3.265157
1763498614.974321, 219.990372, 565.355896, 779.083557, 785.346252, 77.013565, 28.011894, 2, 4.023073, 1.765785, 3.843482, 3.134310, 0.388456, 2.855766, 129.008148, 0.988240, 2.568356, 0.667575, 3.265157
1763498615.752189, 228.542343, 559.309021, 777.830994, 787.851379, 77.137581, 29.008305, 2, 4.007459, 1.706631, 3.890074, 3.117126, 0.390037, 2.757257, 121.020889, 0.988240, 2.568356, 0.667575, 3.265157
1763498616.545099, 228.542343, 564.319214, 792.861572, 792.861572, 75.675255, 28.825001, 2, 3.998759, 1.717206, 3.337060, 3.170462, 0.392454, 2.774650, 159.179214, 0.988240, 2.568356, 0.667575, 3.265157
1763498617.343007, 228.542343, 569.329407, 797.871765, 797.871765, 75.200058, 28.643995, 2, 3.739136, 1.727782, 2.059974, 2.983351, 0.394871, 2.792138, 170.302383, 0.988240, 2.568356, 0.667575, 3.265157
1763498618.123380, 228.542343, 551.793762, 780.336121, 780.336121, 76.889946, 29.287682, 2, 3.746411, 1.690768, 2.506414, 2.923460, 0.386412, 2.731346, 188.784348, 0.988240, 2.568356, 0.667575, 3.265157
1763498618.912533, 230.680344, 560.928650, 789.103943, 791.609009, 76.035614, 29.140694, 2, 3.810100, 1.699076, 2.395782, 3.006565, 0.391943, 2.744890, 146.672363, 0.988240, 2.568356, 0.667575, 3.265157
1763498619.726725, 231.749359, 583.657959, 814.154785, 815.407349, 73.696060, 28.421297, 2, 3.623467, 1.740978, 2.723030, 2.950063, 0.403470, 2.814093, 175.764633, 0.988240, 2.568356, 0.667575, 3.265157
1763498620.515865, 228.542343, 556.803894, 789.103943, 785.346252, 76.035614, 29.100838, 2, 3.805309, 1.701343, 2.985206, 3.002784, 0.388829, 2.748597, 179.980988, 0.988240, 2.568356, 0.667575, 3.265157
1763498621.325059, 216.783386, 578.583252, 809.144653, 795.366638, 74.152374, 27.255779, 2, 3.983137, 1.813559, 0.625369, 3.222934, 0.393149, 2.937494, 236.062286, 0.988240, 2.568356, 0.667575, 3.265157
1763498622.106684, 224.266357, 566.090088, 781.588623, 790.356445, 76.766724, 28.375343, 2, 3.937096, 1.743727, 2.074914, 3.077189, 0.391059, 2.818685, 184.351852, 0.988240, 2.568356, 0.667575, 3.265157
1763498622.893319, 226.404358, 562.699585, 786.598816, 789.103943, 76.277763, 28.691322, 2, 3.953726, 1.725004, 3.117086, 3.109996, 0.390548, 2.787535, 148.315414, 0.988240, 2.568356, 0.667575, 3.265157
1763498623.684965, 224.266357, 564.837585, 791.609009, 789.103943, 75.794991, 28.420383, 2, 3.926188, 1.741032, 3.395604, 3.108006, 0.390455, 2.814184, 169.328094, 0.988240, 2.568356, 0.667575, 3.265157
1763498624.460340, 229.611359, 551.977295, 775.325928, 781.588623, 77.386810, 29.377520, 2, 3.863399, 1.685731, 4.199136, 2.995393, 0.387063, 2.723163, 124.251472, 0.988240, 2.568356, 0.667575, 3.265157
1763498625.240713, 236.025330, 551.826050, 780.336121, 787.851379, 76.889946, 29.958101, 2, 3.750884, 1.653908, 3.055111, 2.926950, 0.390364, 2.671963, 170.441666, 0.988240, 2.568356, 0.667575, 3.265157
1763498626.016076, 223.197357, 537.098022, 775.325928, 760.295349, 77.386810, 29.356665, 2, 3.721994, 1.686898, 2.479300, 2.885759, 0.376511, 2.725056, 162.799637, 0.988240, 2.568356, 0.667575, 3.265157
1763498626.787681, 234.956345, 550.389893, 771.568237, 785.346252, 77.763702, 29.917547, 2, 3.771604, 1.656091, 4.677190, 2.910050, 0.389109, 2.675448, 121.129524, 0.988240, 2.568356, 0.667575, 3.265157
1763498627.566813, 225.335358, 542.475220, 779.083557, 767.810608, 77.013565, 29.347778, 2, 3.855704, 1.687395, 2.867527, 3.003916, 0.380230, 2.725864, 160.621017, 0.988240, 2.568356, 0.667575, 3.265157
1763498628.334660, 227.473358, 542.842407, 767.810608, 770.315735, 78.144272, 29.529888, 2, 3.856452, 1.677258, 2.467901, 2.961025, 0.381532, 2.709447, 160.226456, 0.988240, 2.568356, 0.667575, 3.265157
1763498629.112528, 236.025330, 551.826050, 777.830994, 787.851379, 77.137581, 29.958101, 2, 3.749835, 1.653908, 4.612190, 2.916738, 0.390364, 2.671963, 114.792099, 0.988240, 2.568356, 0.667575, 3.265157
1763498629.890395, 218.921371, 538.868835, 777.830994, 757.790222, 77.137581, 28.889442, 2, 3.788112, 1.713473, 2.435917, 2.946511, 0.375116, 2.768500, 150.589249, 0.988240, 2.568356, 0.667575, 3.265157
1763498630.643212, 221.059372, 534.225830, 752.780090, 755.285217, 79.704552, 29.268330, 2, 3.845991, 1.691857, 3.410360, 2.895185, 0.374001, 2.733118, 148.174393, 0.988240, 2.568356, 0.667575, 3.265157
1763498631.419840, 225.335358, 556.253296, 776.578430, 781.588623, 77.261993, 28.830429, 2, 3.725872, 1.716891, 2.162638, 2.893432, 0.386876, 2.774130, 173.738174, 0.988240, 2.568356, 0.667575, 3.265157
1763498632.180172, 231.749359, 536.061279, 760.295349, 767.810608, 78.916702, 30.183142, 2, 3.779009, 1.641902, 2.884644, 2.873163, 0.380510, 2.652871, 149.739243, 0.988240, 2.568356, 0.667575, 3.265157
1763498632.964302, 225.335358, 551.243042, 784.093750, 776.578430, 76.521461, 29.016432, 2, 3.715678, 1.706165, 2.017883, 2.913440, 0.384459, 2.756493, 167.399521, 0.988240, 2.568356, 0.667575, 3.265157
1763498633.737160, 229.611359, 548.219604, 772.820801, 777.830994, 77.637665, 29.519442, 2, 3.853291, 1.677836, 2.446062, 2.977904, 0.385250, 2.710381, 186.174057, 0.988240, 2.568356, 0.667575, 3.265157
1763498634.522555, 224.266357, 554.817200, 785.346252, 779.083557, 76.399422, 28.785917, 2, 3.771147, 1.719478, 3.418328, 2.961656, 0.385621, 2.778399, 157.621368, 0.988240, 2.568356, 0.667575, 3.265157
1763498635.292907, 226.404358, 546.416443, 770.315735, 772.820801, 77.890137, 29.295841, 2, 3.859283, 1.690309, 3.099453, 2.972867, 0.382693, 2.730600, 160.356522, 0.988240, 2.568356, 0.667575, 3.265157
1763498636.068269, 225.335358, 548.738037, 775.325928, 774.073364, 77.386810, 29.110336, 2, 3.813259, 1.700802, 2.767814, 2.956518, 0.383251, 2.747712, 150.974258, 0.988240, 2.568356, 0.667575, 3.265157
1763498636.846138, 224.266357, 552.312073, 777.830994, 776.578430, 77.137581, 28.878778, 2, 3.797415, 1.714090, 2.778734, 2.953747, 0.384413, 2.769515, 168.869125, 0.988240, 2.568356, 0.667575, 3.265157
1763498637.622753, 226.404358, 552.679199, 776.578430, 779.083557, 77.261993, 29.060343, 2, 3.833333, 1.703653, 4.793097, 2.976884, 0.385714, 2.752377, 126.891281, 0.988240, 2.568356, 0.667575, 3.265157
1763498638.409401, 221.059372, 559.276733, 786.598816, 780.336121, 76.277763, 28.328737, 2, 3.805088, 1.746523, 2.812488, 2.993078, 0.386085, 2.823364, 158.790482, 0.988240, 2.568356, 0.667575, 3.265157
1763498639.183511, 227.473358, 554.115234, 774.073364, 781.588623, 77.512032, 29.103977, 2, 3.796532, 1.701164, 3.286410, 2.938794, 0.386970, 2.748304, 144.066177, 0.988240, 2.568356, 0.667575, 3.265157
1763498639.955115, 221.059372, 542.993591, 771.568237, 764.052979, 77.763702, 28.932467, 2, 3.788569, 1.710990, 2.532237, 2.923140, 0.378230, 2.764415, 166.925095, 0.988240, 2.568356, 0.667575, 3.265157
1763498640.720457, 221.059372, 544.246155, 765.305542, 765.305542, 78.400063, 28.885115, 2, 3.758043, 1.713723, 3.186365, 2.876051, 0.378835, 2.768911, 151.469406, 0.988240, 2.568356, 0.667575, 3.265157
1763498641.494580, 228.542343, 554.298828, 774.073364, 782.841187, 77.512032, 29.193958, 2, 3.817964, 1.696056, 3.152611, 2.955384, 0.387621, 2.739960, 159.174545, 0.988240, 2.568356, 0.667575, 3.265157
1763498642.267438, 226.404358, 543.911377, 772.820801, 770.315735, 77.637665, 29.391113, 2, 3.832976, 1.684971, 4.480568, 2.962203, 0.381485, 2.721931, 154.062424, 0.988240, 2.568356, 0.667575, 3.265157
1763498643.052821, 226.404358, 558.941895, 785.346252, 785.346252, 76.399422, 28.828604, 2, 3.829289, 1.716997, 2.802048, 3.007318, 0.388736, 2.774305, 194.466873, 0.988240, 2.568356, 0.667575, 3.265157
1763498643.826931, 228.542343, 548.036072, 774.073364, 776.578430, 77.512032, 29.429398, 2, 3.846128, 1.682836, 2.399323, 2.977185, 0.384599, 2.718471, 153.906570, 0.988240, 2.568356, 0.667575, 3.265157
1763498644.608556, 231.749359, 553.596924, 781.588623, 785.346252, 76.766724, 29.509195, 2, 3.767035, 1.678404, 4.679440, 2.944272, 0.388969, 2.711298, 118.383949, 0.988240, 2.568356, 0.667575, 3.265157
1763498645.395204, 229.611359, 554.482422, 786.598816, 784.093750, 76.277763, 29.283661, 2, 3.736037, 1.690994, 3.329461, 2.938762, 0.388271, 2.731714, 140.072845, 0.988240, 2.568356, 0.667575, 3.265157
1763498646.174324, 222.128372, 548.187378, 779.083557, 770.315735, 77.013565, 28.836018, 2, 3.755483, 1.716567, 3.418217, 2.925835, 0.381298, 2.773596, 176.204544, 0.988240, 2.568356, 0.667575, 3.265157
1763498646.945928, 228.542343, 550.541199, 771.568237, 779.083557, 77.763702, 29.334766, 2, 3.824435, 1.688124, 2.140136, 2.950813, 0.385808, 2.727048, 166.317551, 0.988240, 2.568356, 0.667575, 3.265157
1763498647.728807, 228.542343, 554.298828, 782.841187, 782.841187, 76.643898, 29.193958, 2, 3.697240, 1.696056, 3.737719, 2.894352, 0.387621, 2.739960, 161.711105, 0.988240, 2.568356, 0.667575, 3.265157
1763498648.507940, 216.783386, 548.522156, 779.083557, 765.305542, 77.013565, 28.326384, 2, 3.765014, 1.746665, 2.631876, 2.933260, 0.378648, 2.823601, 182.649826, 0.988240, 2.568356, 0.667575, 3.265157
1763498649.279544, 223.197357, 555.886230, 771.568237, 779.083557, 77.763702, 28.648706, 2, 3.876797, 1.727505, 2.683005, 2.991214, 0.385574, 2.791679, 169.486282, 0.988240, 2.568356, 0.667575, 3.265157
1763498650.061170, 227.473358, 559.125488, 781.588623, 786.598816, 76.766724, 28.918600, 2, 3.915394, 1.711790, 3.539658, 3.060227, 0.389387, 2.765729, 172.238724, 0.988240, 2.568356, 0.667575, 3.265157
1763498650.842795, 229.611359, 554.482422, 781.588623, 784.093750, 76.766724, 29.283661, 2, 3.911343, 1.690994, 3.683085, 3.057061, 0.388271, 2.731714, 123.242622, 0.988240, 2.568356, 0.667575, 3.265157
1763498651.608149, 232.818344, 536.244812, 765.305542, 769.063171, 78.400063, 30.272982, 2, 3.903076, 1.637159, 4.748756, 2.987046, 0.381161, 2.645362, 127.829163, 0.988240, 2.568356, 0.667575, 3.265157
1763498652.402300, 238.163330, 562.213501, 794.114136, 800.376831, 75.555893, 29.756399, 2, 3.739991, 1.664823, 4.272104, 2.969980, 0.396500, 2.689427, 114.904907, 0.988240, 2.568356, 0.667575, 3.265157
1763498653.196451, 230.680344, 554.665894, 794.114136, 785.346252, 75.555893, 29.373074, 2, 3.769210, 1.685980, 4.126168, 2.993183, 0.388922, 2.723567, 131.016022, 0.988240, 2.568356, 0.667575, 3.265157
1763498653.994360, 230.680344, 567.191406, 797.871765, 797.871765, 75.200058, 28.911957, 2, 3.830947, 1.712173, 4.415421, 3.056604, 0.394965, 2.766360, 136.499054, 0.988240, 2.568356, 0.667575, 3.265157
1763498654.788523, 227.473358, 562.883057, 794.114136, 790.356445, 75.555893, 28.781111, 2, 3.847488, 1.719758, 3.476577, 3.055344, 0.391199, 2.778862, 159.703903, 0.988240, 2.568356, 0.667575, 3.265157
1763498655.577663, 228.542343, 561.814087, 789.103943, 790.356445, 76.035614, 28.916365, 2, 3.793992, 1.711918, 3.218238, 2.993854, 0.391246, 2.765941, 159.624832, 0.988240, 2.568356, 0.667575, 3.265157
1763498656.363046, 225.335358, 556.253296, 785.346252, 781.588623, 76.399422, 28.830429, 2, 3.803097, 1.716891, 2.536995, 2.986748, 0.386876, 2.774130, 181.116898, 0.988240, 2.568356, 0.667575, 3.265157
1763498657.143431, 223.197357, 554.633667, 780.336121, 777.830994, 76.889946, 28.694838, 2, 3.830746, 1.724798, 2.478783, 2.989269, 0.384970, 2.787194, 187.417038, 0.988240, 2.568356, 0.667575, 3.265157
1763498657.903763, 232.818344, 538.749878, 760.295349, 771.568237, 78.916702, 30.174694, 2, 3.922590, 1.642350, 2.900765, 2.982327, 0.382369, 2.653580, 163.972031, 0.988240, 2.568356, 0.667575, 3.265157
1763498658.680379, 231.749359, 543.576538, 776.578430, 775.325928, 77.261993, 29.890574, 2, 3.791876, 1.657546, 4.698401, 2.944689, 0.384135, 2.677773, 120.285385, 0.988240, 2.568356, 0.667575, 3.265157
1763498659.448226, 233.887360, 536.428345, 767.810608, 770.315735, 78.144272, 30.362532, 2, 3.756393, 1.632459, 3.999415, 2.884198, 0.381812, 2.637940, 117.395439, 0.988240, 2.568356, 0.667575, 3.265157
1763498660.224841, 233.887360, 542.691040, 776.578430, 776.578430, 77.261993, 30.117672, 2, 3.632866, 1.645377, 4.143101, 2.821206, 0.384833, 2.658383, 149.914215, 0.988240, 2.568356, 0.667575, 3.265157
1763498661.010236, 222.128372, 549.439880, 785.346252, 771.568237, 76.399422, 28.789207, 2, 3.680533, 1.719287, 3.044008, 2.890493, 0.381902, 2.778083, 170.190765, 0.988240, 2.568356, 0.667575, 3.265157
1763498661.776831, 226.404358, 545.163879, 766.558044, 771.568237, 78.271957, 29.343399, 2, 3.858823, 1.687640, 3.097350, 2.958012, 0.382089, 2.726263, 170.834366, 0.988240, 2.568356, 0.667575, 3.265157
1763498662.544678, 219.990372, 540.304993, 767.810608, 760.295349, 78.144272, 28.934856, 2, 3.958475, 1.710852, 2.878299, 3.039359, 0.376371, 2.764189, 168.422836, 0.988240, 2.568356, 0.667575, 3.265157
1763498663.303757, 229.611359, 540.704346, 759.042786, 770.315735, 79.046928, 29.807434, 2, 3.898454, 1.662047, 3.571715, 2.959093, 0.381625, 2.684977, 158.204269, 0.988240, 2.568356, 0.667575, 3.265157
1763498664.077868, 231.749359, 544.829102, 774.073364, 776.578430, 77.512032, 29.842365, 2, 3.492071, 1.660153, 6.176499, 2.703119, 0.384739, 2.681943, 169.703094, 0.988240, 2.568356, 0.667575, 3.265157
1763498664.841970, 228.542343, 531.752991, 764.052979, 760.295349, 78.528587, 30.059681, 2, 3.399171, 1.648466, 3.780106, 2.597147, 0.376744, 2.663295, 158.604675, 0.988240, 2.568356, 0.667575, 3.265157
1763498665.604807, 228.542343, 534.258057, 762.800415, 762.800415, 78.657532, 29.960962, 2, 3.800272, 1.653754, 3.979863, 2.898849, 0.377953, 2.671718, 126.219131, 0.988240, 2.568356, 0.667575, 3.265157
1763498666.383927, 212.507385, 547.787964, 779.083557, 760.295349, 77.013565, 27.950636, 2, 3.910477, 1.769559, 2.948058, 3.046588, 0.376044, 2.862152, 175.988220, 0.988240, 2.568356, 0.667575, 3.265157
1763498667.156784, 226.404358, 562.699585, 772.820801, 789.103943, 77.637665, 28.691322, 2, 3.885725, 1.725004, 2.914488, 3.002969, 0.390548, 2.787535, 185.889816, 0.988240, 2.568356, 0.667575, 3.265157
1763498667.932147, 222.128372, 548.187378, 775.325928, 770.315735, 77.386810, 28.836018, 2, 3.837802, 1.716567, 2.380730, 2.975548, 0.381298, 2.773596, 182.408340, 0.988240, 2.568356, 0.667575, 3.265157
1763498668.708774, 223.197357, 554.633667, 776.578430, 777.830994, 77.261993, 28.694838, 2, 3.817139, 1.724798, 2.162528, 2.964308, 0.384970, 2.787194, 193.674393, 0.988240, 2.568356, 0.667575, 3.265157
1763498669.475370, 224.266357, 543.544250, 766.558044, 767.810608, 78.271957, 29.208553, 2, 3.907351, 1.695230, 3.750557, 2.995211, 0.380183, 2.738613, 147.947708, 0.988240, 2.568356, 0.667575, 3.265157
1763498670.258247, 221.059372, 558.024170, 782.841187, 779.083557, 76.643898, 28.374281, 2, 3.951169, 1.743790, 4.530037, 3.093138, 0.385481, 2.818791, 125.120323, 0.988240, 2.568356, 0.667575, 3.265157
1763498671.042378, 217.852371, 562.483765, 784.093750, 780.336121, 76.521461, 27.917761, 2, 3.978034, 1.771591, 2.351514, 3.119152, 0.385945, 2.865596, 173.056229, 0.988240, 2.568356, 0.667575, 3.265157
1763498671.807732, 223.197357, 548.370850, 765.305542, 771.568237, 78.400063, 28.927752, 2, 3.962393, 1.711262, 4.690360, 3.032442, 0.381949, 2.764862, 127.632080, 0.988240, 2.568356, 0.667575, 3.265157
1763498672.578084, 226.404358, 547.669006, 770.315735, 774.073364, 77.890137, 29.248438, 2, 3.882169, 1.692978, 3.337060, 2.990496, 0.383298, 2.734943, 181.731827, 0.988240, 2.568356, 0.667575, 3.265157
1763498673.352194, 226.404358, 547.669006, 774.073364, 774.073364, 77.512032, 29.248438, 2, 3.851177, 1.692978, 2.996273, 2.981093, 0.383298, 2.734943, 168.594711, 0.988240, 2.568356, 0.667575, 3.265157
1763498674.123799, 227.473358, 545.347412, 771.568237, 772.820801, 77.763702, 29.434166, 2, 3.855085, 1.682571, 3.539474, 2.974461, 0.382740, 2.718040, 174.522202, 0.988240, 2.568356, 0.667575, 3.265157
1763498674.905425, 225.335358, 553.748169, 781.588623, 779.083557, 76.766724, 28.923130, 2, 3.860748, 1.711528, 4.843231, 3.017517, 0.385668, 2.765300, 125.386734, 0.988240, 2.568356, 0.667575, 3.265157
1763498675.680800, 232.818344, 551.275391, 775.325928, 784.093750, 77.386810, 29.692667, 2, 3.876780, 1.668303, 5.265471, 3.005768, 0.388411, 2.695016, 117.945648, 0.988240, 2.568356, 0.667575, 3.265157
1763498676.479961, 224.266357, 564.837585, 799.124329, 789.103943, 75.082184, 28.420383, 2, 3.853334, 1.741032, 2.652903, 3.079293, 0.390455, 2.814184, 190.534225, 0.988240, 2.568356, 0.667575, 3.265157
1763498677.262838, 229.611359, 559.492554, 782.841187, 789.103943, 76.643898, 29.097733, 2, 3.815099, 1.701520, 3.521250, 2.986617, 0.390688, 2.748886, 147.059967, 0.988240, 2.568356, 0.667575, 3.265157
1763498678.050739, 221.059372, 556.771606, 787.851379, 777.830994, 76.156494, 28.419975, 2, 3.863727, 1.741057, 4.067292, 3.044042, 0.384877, 2.814225, 135.890106, 0.988240, 2.568356, 0.667575, 3.265157
1763498678.841132, 222.128372, 569.480652, 790.356445, 791.609009, 75.915115, 28.060364, 2, 3.721858, 1.762810, 2.112948, 2.941594, 0.391570, 2.850741, 169.558670, 0.988240, 2.568356, 0.667575, 3.265157
1763498679.607726, 236.025330, 546.815857, 766.558044, 782.841187, 78.271957, 30.149836, 2, 3.720954, 1.643668, 4.719133, 2.852328, 0.387947, 2.655671, 120.110825, 0.988240, 2.568356, 0.667575, 3.265157
1763498680.393110, 233.887360, 548.953857, 785.346252, 782.841187, 76.399422, 29.876732, 2, 3.710482, 1.658293, 3.954778, 2.914013, 0.387854, 2.678968, 181.120895, 0.988240, 2.568356, 0.667575, 3.265157
1763498681.163462, 227.473358, 535.327026, 770.315735, 762.800415, 77.890137, 29.820824, 2, 3.827876, 1.661321, 4.909965, 2.948673, 0.377906, 2.683813, 137.543869, 0.988240, 2.568356, 0.667575, 3.265157
1763498681.930069, 227.473358, 539.084717, 766.558044, 766.558044, 78.271957, 29.674643, 2, 3.823960, 1.669289, 2.927326, 2.931287, 0.379719, 2.696603, 174.256851, 0.988240, 2.568356, 0.667575, 3.265157
1763498682.699169, 231.749359, 542.323975, 769.063171, 774.073364, 78.016998, 29.938940, 2, 3.753371, 1.654939, 3.683049, 2.886579, 0.383531, 2.673608, 151.946213, 0.988240, 2.568356, 0.667575, 3.265157
1763498683.478289, 230.680344, 547.150635, 779.083557, 777.830994, 77.013565, 29.656872, 2, 3.823162, 1.670264, 4.900262, 2.978562, 0.385297, 2.698170, 125.185043, 0.988240, 2.568356, 0.667575, 3.265157
1763498684.249894, 237.094315, 541.989258, 771.568237, 779.083557, 77.763702, 30.432463, 2, 3.707024, 1.628808, 4.635837, 2.860222, 0.386181, 2.632188, 108.034782, 0.988240, 2.568356, 0.667575, 3.265157
1763498685.042804, 222.128372, 553.197571, 792.861572, 775.325928, 75.675255, 28.649675, 2, 3.676332, 1.727448, 3.463260, 2.914822, 0.383715, 2.791584, 119.574303, 0.988240, 2.568356, 0.667575, 3.265157
1763498685.800632, 240.301331, 538.782227, 757.790222, 779.083557, 79.177582, 30.844101, 2, 3.924991, 1.607653, 6.356669, 2.974320, 0.386321, 2.599079, 123.953865, 0.988240, 2.568356, 0.667575, 3.265157
1763498686.581005, 231.749359, 538.566406, 780.336121, 770.315735, 76.889946, 30.084982, 2, 3.854942, 1.647117, 3.534014, 3.008150, 0.381718, 2.661149, 136.582474, 0.988240, 2.568356, 0.667575, 3.265157
1763498687.357620, 232.818344, 545.012634, 776.578430, 777.830994, 77.261993, 29.931740, 2, 3.868608, 1.655326, 3.897231, 3.004278, 0.385390, 2.674227, 169.802902, 0.988240, 2.568356, 0.667575, 3.265157
1763498688.146760, 223.197357, 554.633667, 789.103943, 777.830994, 76.035614, 28.694838, 2, 3.829113, 1.724798, 3.299543, 3.021568, 0.384970, 2.787194, 120.390343, 0.988240, 2.568356, 0.667575, 3.265157
1763498688.927145, 230.680344, 558.423584, 780.336121, 789.103943, 76.889946, 29.233202, 2, 3.876564, 1.693838, 4.062865, 3.025023, 0.390735, 2.736343, 131.719482, 0.988240, 2.568356, 0.667575, 3.265157
1763498689.713780, 234.956345, 556.652649, 786.598816, 791.609009, 76.277763, 29.680857, 2, 3.829472, 1.668949, 4.385245, 3.012258, 0.392130, 2.696056, 132.313263, 0.988240, 2.568356, 0.667575, 3.265157
1763498690.492901, 226.404358, 542.658813, 779.083557, 769.063171, 77.013565, 29.438982, 2, 3.794860, 1.682303, 4.749272, 2.956513, 0.380881, 2.717606, 111.765099, 0.988240, 2.568356, 0.667575, 3.265157
1763498691.274527, 224.266357, 554.817200, 781.588623, 779.083557, 76.766724, 28.785917, 2, 3.708528, 1.719478, 2.446247, 2.898543, 0.385621, 2.778399, 160.980789, 0.988240, 2.568356, 0.667575, 3.265157
1763498692.028608, 231.749359, 531.051025, 754.032654, 762.800415, 79.572151, 30.381388, 2, 3.791462, 1.631473, 5.224560, 2.858886, 0.378093, 2.636385, 113.305710, 0.988240, 2.568356, 0.667575, 3.265157
1763498692.792698, 229.611359, 531.936523, 764.052979, 761.547852, 78.528587, 30.150616, 2, 3.897696, 1.643626, 4.272251, 2.978046, 0.377395, 2.655605, 125.108215, 0.988240, 2.568356, 0.667575, 3.265157
1763498693.569313, 228.542343, 546.783569, 776.578430, 775.325928, 77.261993, 29.476938, 2, 3.851747, 1.680193, 2.923821, 2.991184, 0.383995, 2.714191, 169.436813, 0.988240, 2.568356, 0.667575, 3.265157
1763498694.343423, 227.473358, 545.347412, 774.073364, 772.820801, 77.512032, 29.434166, 2, 3.956759, 1.682571, 4.281400, 3.062822, 0.382740, 2.718040, 127.701035, 0.988240, 2.568356, 0.667575, 3.265157
1763498695.127565, 226.404358, 556.436829, 784.093750, 782.841187, 76.521461, 28.920853, 2, 3.919753, 1.711660, 4.030365, 3.073454, 0.387527, 2.765516, 131.392731, 0.988240, 2.568356, 0.667575, 3.265157
1763498695.904180, 228.542343, 550.541199, 776.578430, 779.083557, 77.261993, 29.334766, 2, 3.882906, 1.688124, 3.721119, 3.015381, 0.385808, 2.727048, 132.423294, 0.988240, 2.568356, 0.667575, 3.265157
1763498696.674533, 225.335358, 541.222656, 770.315735, 766.558044, 77.890137, 29.395733, 2, 3.788070, 1.684713, 3.308729, 2.918010, 0.379626, 2.721513, 168.214371, 0.988240, 2.568356, 0.667575, 3.265157
1763498697.449896, 217.852371, 548.705688, 775.325928, 766.558044, 77.386810, 28.419554, 2, 3.834475, 1.741082, 1.195316, 2.972968, 0.379299, 2.814267, 223.451218, 0.988240, 2.568356, 0.667575, 3.265157
1763498698.221501, 225.335358, 555.000732, 771.568237, 780.336121, 77.763702, 28.876703, 2, 3.815715, 1.714210, 3.355025, 2.944084, 0.386272, 2.769712, 168.021362, 0.988240, 2.568356, 0.667575, 3.265157
1763498698.999381, 226.404358, 552.679199, 777.830994, 779.083557, 77.137581, 29.060343, 2, 3.856978, 1.703653, 2.595834, 3.000077, 0.385714, 2.752377, 166.297256, 0.988240, 2.568356, 0.667575, 3.265157
1763498699.764723, 222.128372, 538.166992, 765.305542, 760.295349, 78.400063, 29.216063, 2, 3.898273, 1.694806, 3.218386, 2.983370, 0.376464, 2.737921, 177.763596, 0.988240, 2.568356, 0.667575, 3.265157
1763498700.535075, 234.956345, 550.389893, 770.315735, 785.346252, 77.890137, 29.917547, 2, 3.920250, 1.656091, 4.345920, 3.019830, 0.389109, 2.675448, 131.929321, 0.988240, 2.568356, 0.667575, 3.265157
1763498701.304175, 239.232315, 534.841064, 769.063171, 774.073364, 78.016998, 30.905638, 2, 3.833696, 1.604539, 5.007427, 2.948355, 0.383858, 2.594237, 122.151947, 0.988240, 2.568356, 0.667575, 3.265157
1763498702.097074, 222.128372, 550.692444, 792.861572, 772.820801, 75.675255, 28.742546, 2, 3.866426, 1.722007, 3.965808, 3.065540, 0.382507, 2.782577, 212.828857, 0.988240, 2.568356, 0.667575, 3.265157
1763498702.861176, 231.749359, 543.576538, 764.052979, 775.325928, 78.528587, 29.890574, 2, 3.905087, 1.657546, 4.403985, 2.983694, 0.384135, 2.677773, 120.000839, 0.988240, 2.568356, 0.667575, 3.265157
1763498703.644053, 225.335358, 549.990601, 782.841187, 775.325928, 76.643898, 29.063309, 2, 3.907941, 1.703484, 2.701044, 3.059297, 0.383855, 2.752100, 178.806458, 0.988240, 2.568356, 0.667575, 3.265157
1763498704.418163, 225.335358, 548.738037, 774.073364, 774.073364, 77.512032, 29.110336, 2, 3.856856, 1.700802, 3.041241, 2.985490, 0.383251, 2.747712, 185.123093, 0.988240, 2.568356, 0.667575, 3.265157
1763498705.179748, 221.059372, 535.478333, 761.547852, 756.537720, 78.786911, 29.219875, 2, 3.900820, 1.694590, 3.415598, 2.970661, 0.374605, 2.737570, 185.649948, 0.988240, 2.568356, 0.667575, 3.265157
1763498705.950112, 216.783386, 548.522156, 770.315735, 765.305542, 77.890137, 28.326384, 2, 3.906578, 1.746665, 1.972841, 3.009298, 0.378648, 2.823601, 175.633865, 0.988240, 2.568356, 0.667575, 3.265157
1763498706.714202, 221.059372, 548.003784, 764.052979, 769.063171, 78.528587, 28.743982, 2, 3.951904, 1.721923, 3.211192, 3.019464, 0.380647, 2.782439, 186.877106, 0.988240, 2.568356, 0.667575, 3.265157
1763498707.490818, 226.404358, 556.436829, 776.578430, 782.841187, 77.261993, 28.920853, 2, 3.571168, 1.711660, 5.727994, 2.773292, 0.387527, 2.765516, 147.991776, 0.988240, 2.568356, 0.667575, 3.265157
1763498708.259917, 228.542343, 543.025879, 769.063171, 771.568237, 78.016998, 29.620495, 2, 3.535881, 1.672261, 3.395161, 2.719316, 0.382183, 2.701387, 133.068329, 0.988240, 2.568356, 0.667575, 3.265157
1763498709.042795, 224.266357, 553.564636, 782.841187, 777.830994, 76.643898, 28.832275, 2, 3.898319, 1.716784, 2.023527, 3.051765, 0.385017, 2.773954, 196.537689, 0.988240, 2.568356, 0.667575, 3.265157
1763498709.833200, 230.680344, 567.191406, 790.356445, 797.871765, 75.915115, 28.911957, 2, 3.815511, 1.712173, 3.259075, 3.015614, 0.394965, 2.766360, 181.151321, 0.988240, 2.568356, 0.667575, 3.265157
1763498710.608563, 231.749359, 544.829102, 775.325928, 776.578430, 77.386810, 29.842365, 2, 3.858298, 1.660153, 4.321647, 2.991439, 0.384739, 2.681943, 130.732437, 0.988240, 2.568356, 0.667575, 3.265157
1763498711.386430, 230.680344, 545.898071, 777.830994, 776.578430, 77.137581, 29.704708, 2, 3.824031, 1.667644, 4.179031, 2.974449, 0.384693, 2.693958, 122.655304, 0.988240, 2.568356, 0.667575, 3.265157
1763498712.166803, 225.335358, 548.738037, 780.336121, 774.073364, 76.889946, 29.110336, 2, 3.814468, 1.700802, 3.630260, 2.976567, 0.383251, 2.747712, 184.332413, 0.988240, 2.568356, 0.667575, 3.265157
1763498712.932158, 225.335358, 539.970215, 765.305542, 765.305542, 78.400063, 29.443842, 2, 3.919787, 1.682032, 4.456405, 2.999835, 0.379021, 2.717168, 122.004723, 0.988240, 2.568356, 0.667575, 3.265157
1763498713.718794, 228.542343, 561.814087, 786.598816, 790.356445, 76.277763, 28.916365, 2, 3.738096, 1.711918, 1.009059, 2.940382, 0.391246, 2.765941, 168.325485, 0.988240, 2.568356, 0.667575, 3.265157
1763498714.506682, 232.818344, 560.043213, 787.851379, 792.861572, 76.156494, 29.364311, 2, 3.668252, 1.686470, 2.337569, 2.890037, 0.392641, 2.724362, 176.139694, 0.988240, 2.568356, 0.667575, 3.265157
1763498715.282044, 228.542343, 541.773376, 775.325928, 770.315735, 77.386810, 29.668659, 2, 3.694384, 1.669617, 3.175667, 2.864352, 0.381578, 2.697130, 159.319870, 0.988240, 2.568356, 0.667575, 3.265157
1763498716.057419, 231.749359, 547.334229, 775.325928, 779.083557, 77.386810, 29.746407, 2, 3.700102, 1.665368, 3.579536, 2.868785, 0.385948, 2.690302, 154.389694, 0.988240, 2.568356, 0.667575, 3.265157
1763498716.829024, 232.818344, 540.002441, 771.568237, 772.820801, 77.763702, 30.125788, 2, 3.741219, 1.644945, 3.001806, 2.886606, 0.382973, 2.657698, 168.509995, 0.988240, 2.568356, 0.667575, 3.265157
1763498717.614407, 225.335358, 551.243042, 785.346252, 776.578430, 76.399422, 29.016432, 2, 3.531605, 1.706165, 0.929968, 2.773532, 0.384459, 2.756493, 161.778183, 0.988240, 2.568356, 0.667575, 3.265157
1763498718.381001, 236.025330, 543.058228, 766.558044, 779.083557, 78.271957, 30.295254, 2, 3.600972, 1.635988, 3.323374, 2.760354, 0.386135, 2.643510, 149.443787, 0.988240, 2.568356, 0.667575, 3.265157
1763498719.166385, 224.266357, 547.301880, 785.346252, 771.568237, 76.399422, 29.066303, 2, 3.681720, 1.703313, 2.154781, 2.891425, 0.381996, 2.751819, 161.876266, 0.988240, 2.568356, 0.667575, 3.265157
1763498719.932992, 226.404358, 542.658813, 766.558044, 769.063171, 78.271957, 29.438982, 2, 3.844002, 1.682303, 3.429985, 2.946651, 0.380881, 2.717606, 163.387909, 0.988240, 2.568356, 0.667575, 3.265157
1763498720.707102, 225.335358, 547.485474, 774.073364, 772.820801, 77.512032, 29.157516, 2, 3.864658, 1.698121, 3.501772, 2.991529, 0.382647, 2.743330, 161.139694, 0.988240, 2.568356, 0.667575, 3.265157
1763498721.473696, 227.473358, 541.589844, 766.558044, 769.063171, 78.271957, 29.577980, 2, 3.909301, 1.674602, 3.559173, 2.996706, 0.380927, 2.705160, 163.982529, 0.988240, 2.568356, 0.667575, 3.265157
1763498722.250311, 222.128372, 548.187378, 776.578430, 770.315735, 77.261993, 28.836018, 2, 3.806448, 1.716567, 3.549655, 2.956006, 0.381298, 2.773596, 173.558929, 0.988240, 2.568356, 0.667575, 3.265157
1763498723.038212, 219.990372, 565.355896, 787.851379, 785.346252, 76.156494, 28.011894, 2, 3.728193, 1.765785, 4.331791, 2.937262, 0.388456, 2.855766, 150.508224, 0.988240, 2.568356, 0.667575, 3.265157
1763498723.804806, 225.335358, 547.485474, 766.558044, 772.820801, 78.271957, 29.157516, 2, 3.937522, 1.698121, 4.355696, 3.018340, 0.382647, 2.743330, 119.449181, 0.988240, 2.568356, 0.667575, 3.265157
1763498724.596453, 214.645386, 564.438171, 791.609009, 779.083557, 75.794991, 27.551010, 2, 3.879619, 1.794593, 1.947202, 3.071141, 0.385201, 2.904816, 204.059753, 0.988240, 2.568356, 0.667575, 3.265157
1763498725.360542, 226.404358, 551.426636, 764.052979, 777.830994, 78.528587, 29.107141, 2, 3.884443, 1.700984, 4.509342, 2.967920, 0.385110, 2.748009, 119.046997, 0.988240, 2.568356, 0.667575, 3.265157
1763498726.133400, 228.542343, 546.783569, 772.820801, 775.325928, 77.637665, 29.476938, 2, 3.964894, 1.680193, 4.600570, 3.064152, 0.383995, 2.714191, 122.996964, 0.988240, 2.568356, 0.667575, 3.265157
1763498726.915037, 228.542343, 553.046265, 781.588623, 781.588623, 76.766724, 29.240746, 2, 3.961642, 1.693412, 3.473626, 3.096375, 0.387016, 2.735650, 154.723755, 0.988240, 2.568356, 0.667575, 3.265157
1763498727.702925, 221.059372, 558.024170, 787.851379, 779.083557, 76.156494, 28.374281, 2, 3.611244, 1.743790, 4.334411, 2.845124, 0.385481, 2.818791, 180.553284, 0.988240, 2.568356, 0.667575, 3.265157
1763498728.472025, 221.059372, 548.003784, 769.063171, 769.063171, 78.016998, 28.743982, 2, 3.490842, 1.721923, 1.935803, 2.684678, 0.380647, 2.782439, 136.577347, 0.988240, 2.568356, 0.667575, 3.265157
1763498729.253650, 222.128372, 560.712830, 781.588623, 782.841187, 76.766724, 28.374640, 2, 3.846241, 1.743769, 2.259880, 3.006178, 0.387341, 2.818755, 158.613113, 0.988240, 2.568356, 0.667575, 3.265157
1763498730.022763, 231.749359, 548.586792, 769.063171, 780.336121, 78.016998, 29.698658, 2, 3.815844, 1.667975, 3.410434, 2.934625, 0.386552, 2.694489, 153.502335, 0.988240, 2.568356, 0.667575, 3.265157
1763498730.811903, 222.128372, 555.702637, 789.103943, 777.830994, 76.035614, 28.557407, 2, 3.791556, 1.732888, 2.646115, 2.991932, 0.384924, 2.800616, 173.278000, 0.988240, 2.568356, 0.667575, 3.265157
1763498731.589771, 227.473358, 556.620361, 777.830994, 784.093750, 77.137581, 29.010990, 2, 3.847013, 1.706477, 1.463098, 2.992326, 0.388178, 2.757005, 143.072800, 0.988240, 2.568356, 0.667575, 3.265157
1763498732.361376, 222.128372, 543.177185, 771.568237, 765.305542, 77.763702, 29.024796, 2, 3.782493, 1.705686, 1.685986, 2.918452, 0.378881, 2.755708, 186.262848, 0.988240, 2.568356, 0.667575, 3.265157
1763498733.127983, 219.990372, 544.062622, 766.558044, 764.052979, 78.271957, 28.792555, 2, 3.780261, 1.719092, 1.354458, 2.897789, 0.378184, 2.777761, 115.033867, 0.988240, 2.568356, 0.667575, 3.265157
1763498733.908355, 218.921371, 560.162170, 780.336121, 779.083557, 76.889946, 28.099859, 2, 3.463664, 1.760394, 3.797960, 2.702822, 0.385388, 2.846665, 137.316467, 0.988240, 2.568356, 0.667575, 3.265157
1763498734.684970, 228.542343, 559.309021, 776.578430, 787.851379, 77.261993, 29.008305, 2, 3.546151, 1.706631, 2.259105, 2.753865, 0.390037, 2.757257, 157.257217, 0.988240, 2.568356, 0.667575, 3.265157
1763498735.480375, 227.473358, 566.640747, 795.366638, 794.114136, 75.436905, 28.644920, 2, 3.786582, 1.727727, 1.789277, 3.011721, 0.393012, 2.792048, 174.754410, 0.988240, 2.568356, 0.667575, 3.265157
1763498736.253244, 229.611359, 545.714600, 772.820801, 775.325928, 77.637665, 29.614819, 2, 3.822572, 1.672573, 2.780357, 2.954163, 0.384042, 2.701890, 174.999222, 0.988240, 2.568356, 0.667575, 3.265157
1763498737.038627, 224.266357, 554.817200, 785.346252, 779.083557, 76.399422, 28.785917, 2, 3.878924, 1.719478, 1.942296, 3.046298, 0.385621, 2.778399, 124.436562, 0.988240, 2.568356, 0.667575, 3.265157
1763498737.834030, 231.749359, 572.385132, 795.366638, 804.134460, 75.436905, 28.819729, 2, 3.761185, 1.717512, 2.154080, 2.991521, 0.398032, 2.775155, 138.265854, 0.988240, 2.568356, 0.667575, 3.265157
1763498738.629433, 222.128372, 561.965393, 795.366638, 784.093750, 75.436905, 28.329313, 2, 3.595777, 1.746489, 1.194209, 2.859961, 0.387945, 2.823306, 138.872864, 0.988240, 2.568356, 0.667575, 3.265157
1763498739.411071, 229.611359, 560.745117, 781.588623, 790.356445, 76.766724, 29.051620, 2, 3.788970, 1.704152, 3.101482, 2.961416, 0.391293, 2.753193, 145.149460, 0.988240, 2.568356, 0.667575, 3.265157
1763498740.206474, 217.852371, 563.736267, 795.366638, 781.588623, 75.436905, 27.873022, 2, 3.773841, 1.774365, 1.826499, 3.001587, 0.386550, 2.870301, 162.773117, 0.988240, 2.568356, 0.667575, 3.265157
1763498740.983090, 223.197357, 559.643799, 776.578430, 782.841187, 77.261993, 28.511194, 2, 3.908757, 1.735626, 2.010210, 3.035457, 0.387387, 2.805171, 189.603256, 0.988240, 2.568356, 0.667575, 3.265157
1763498741.768473, 237.094315, 564.535095, 785.346252, 801.629395, 76.399422, 29.576550, 2, 3.779740, 1.674681, 3.341044, 2.968405, 0.397057, 2.705287, 149.502594, 0.988240, 2.568356, 0.667575, 3.265157
1763498742.570151, 226.404358, 562.699585, 801.629395, 789.103943, 74.847557, 28.691322, 2, 3.736690, 1.725004, 2.643090, 2.995440, 0.390548, 2.787535, 164.537094, 0.988240, 2.568356, 0.667575, 3.265157
1763498743.358039, 217.852371, 559.978638, 787.851379, 777.830994, 76.156494, 28.007675, 2, 3.737268, 1.766044, 1.103940, 2.944412, 0.384737, 2.856204, 130.063522, 0.988240, 2.568356, 0.667575, 3.265157
1763498744.138412, 222.128372, 563.217896, 780.336121, 785.346252, 76.889946, 28.284132, 2, 3.902369, 1.749209, 2.145743, 3.045159, 0.388549, 2.827862, 189.759628, 0.988240, 2.568356, 0.667575, 3.265157
1763498744.921302, 223.197357, 560.896362, 782.841187, 784.093750, 76.643898, 28.465647, 2, 3.839955, 1.738333, 3.097387, 3.006075, 0.387991, 2.809681, 201.537430, 0.988240, 2.568356, 0.667575, 3.265157
1763498745.696664, 226.404358, 552.679199, 775.325928, 779.083557, 77.386810, 29.060343, 2, 3.953512, 1.703653, 1.903931, 3.065260, 0.385714, 2.752377, 203.930252, 0.988240, 2.568356, 0.667575, 3.265157
1763498746.490816, 224.266357, 567.342651, 794.114136, 791.609009, 75.555893, 28.330444, 2, 3.878652, 1.746421, 3.599420, 3.080092, 0.391663, 2.823192, 150.414291, 0.988240, 2.568356, 0.667575, 3.265157
1763498747.284966, 225.335358, 570.031250, 794.114136, 795.366638, 75.555893, 28.331005, 2, 3.920831, 1.746387, 2.622100, 3.113587, 0.393523, 2.823135, 189.715256, 0.988240, 2.568356, 0.667575, 3.265157
1763498748.091655, 225.335358, 581.304199, 806.639587, 806.639587, 74.382660, 27.935072, 2, 3.859761, 1.770520, 2.204139, 3.113436, 0.398961, 2.863781, 159.294373, 0.988240, 2.568356, 0.667575, 3.265157
1763498748.883300, 227.473358, 566.640747, 791.609009, 794.114136, 75.794991, 28.644920, 2, 3.912827, 1.727727, 2.063147, 3.097429, 0.393012, 2.792048, 177.476364, 0.988240, 2.568356, 0.667575, 3.265157
1763498749.673693, 215.714386, 560.864014, 790.356445, 776.578430, 75.915115, 27.777540, 2, 3.706700, 1.780314, 0.663144, 2.929614, 0.384039, 2.880416, 102.041367, 0.988240, 2.568356, 0.667575, 3.265157
1763498750.449068, 219.990372, 560.345764, 775.325928, 780.336121, 77.386810, 28.191746, 2, 3.874204, 1.754798, 2.730113, 3.003771, 0.386039, 2.837245, 161.550308, 0.988240, 2.568356, 0.667575, 3.265157
1763498751.244471, 218.921371, 575.192749, 795.366638, 794.114136, 75.436905, 27.567997, 2, 3.808784, 1.793514, 0.912740, 3.029380, 0.392639, 2.902967, 168.136368, 0.988240, 2.568356, 0.667575, 3.265157
1763498752.019835, 224.266357, 557.322266, 775.325928, 781.588623, 77.386810, 28.693659, 2, 3.574651, 1.724867, 2.238483, 2.771519, 0.386830, 2.787308, 118.461082, 0.988240, 2.568356, 0.667575, 3.265157
1763498752.807722, 217.852371, 562.483765, 787.851379, 780.336121, 76.156494, 27.917761, 2, 3.649603, 1.771591, 1.195980, 2.875345, 0.385945, 2.865596, 126.079575, 0.988240, 2.568356, 0.667575, 3.265157
1763498753.583097, 218.921371, 557.657043, 775.325928, 776.578430, 77.386810, 28.190502, 2, 3.794834, 1.754874, 2.927694, 2.942233, 0.384179, 2.837372, 192.128189, 0.988240, 2.568356, 0.667575, 3.265157
1763498754.352197, 225.335358, 551.243042, 769.063171, 776.578430, 78.016998, 29.016432, 2, 3.893378, 1.706165, 4.138268, 2.994254, 0.384459, 2.756493, 123.256531, 0.988240, 2.568356, 0.667575, 3.265157
1763498755.152610, 214.645386, 573.205994, 800.376831, 787.851379, 74.964691, 27.244400, 2, 3.868195, 1.814298, 1.611948, 3.096014, 0.389431, 2.938774, 208.906265, 0.988240, 2.568356, 0.667575, 3.265157
1763498755.930478, 211.438385, 562.635010, 777.830994, 774.073364, 77.137581, 27.315033, 2, 3.804536, 1.809719, 2.059605, 2.959286, 0.382644, 2.930854, 190.974411, 0.988240, 2.568356, 0.667575, 3.265157
1763498756.709610, 216.783386, 568.562866, 779.083557, 785.346252, 77.013565, 27.603542, 2, 3.821355, 1.791261, 1.262344, 2.977155, 0.388316, 2.899107, 150.122482, 0.988240, 2.568356, 0.667575, 3.265157
1763498757.476206, 227.473358, 551.610229, 766.558044, 779.083557, 78.271957, 29.197556, 2, 3.935289, 1.695852, 4.376613, 3.016628, 0.385761, 2.739628, 134.785461, 0.988240, 2.568356, 0.667575, 3.265157
1763498758.259084, 228.542343, 555.551392, 782.841187, 784.093750, 76.643898, 29.147324, 2, 3.876848, 1.698699, 4.397049, 3.034956, 0.388225, 2.744275, 120.960518, 0.988240, 2.568356, 0.667575, 3.265157
1763498759.029436, 226.404358, 541.406250, 770.315735, 767.810608, 77.890137, 29.487005, 2, 3.849751, 1.679634, 3.414786, 2.965524, 0.380276, 2.713287, 185.973557, 0.988240, 2.568356, 0.667575, 3.265157
1763498759.813566, 212.507385, 555.303223, 784.093750, 767.810608, 76.521461, 27.677059, 2, 3.885466, 1.786619, 2.689461, 3.046570, 0.379670, 2.891169, 196.654541, 0.988240, 2.568356, 0.667575, 3.265157
1763498760.592698, 226.404358, 568.962280, 779.083557, 795.366638, 77.013565, 28.465408, 2, 3.809598, 1.738348, 4.067956, 2.967996, 0.393569, 2.809705, 123.479424, 0.988240, 2.568356, 0.667575, 3.265157
1763498761.360546, 232.818344, 542.507568, 767.810608, 775.325928, 78.144272, 30.028448, 2, 3.806497, 1.650136, 5.139787, 2.922669, 0.384182, 2.665951, 107.406197, 0.988240, 2.568356, 0.667575, 3.265157
1763498762.154696, 221.059372, 559.276733, 794.114136, 780.336121, 75.555893, 28.328737, 2, 3.776777, 1.746523, 2.164667, 2.999192, 0.386085, 2.823364, 186.106094, 0.988240, 2.568356, 0.667575, 3.265157
1763498762.930060, 224.266357, 554.817200, 775.325928, 779.083557, 77.386810, 28.785917, 2, 3.772604, 1.719478, 3.558952, 2.924998, 0.385621, 2.778399, 164.016785, 0.988240, 2.568356, 0.667575, 3.265157
1763498763.696667, 232.818344, 543.760071, 766.558044, 776.578430, 78.271957, 29.980015, 2, 3.905870, 1.652731, 4.716183, 2.994076, 0.384786, 2.670086, 130.359909, 0.988240, 2.568356, 0.667575, 3.265157
1763498764.490817, 223.197357, 559.643799, 794.114136, 782.841187, 75.555893, 28.511194, 2, 3.800192, 1.735626, 2.740664, 3.017786, 0.387387, 2.805171, 188.405014, 0.988240, 2.568356, 0.667575, 3.265157
1763498765.266180, 228.542343, 553.046265, 775.325928, 781.588623, 77.386810, 29.240746, 2, 3.824566, 1.693412, 2.896486, 2.965285, 0.387016, 2.735650, 153.343018, 0.988240, 2.568356, 0.667575, 3.265157
1763498766.044047, 228.542343, 549.288635, 777.830994, 777.830994, 77.137581, 29.382006, 2, 3.836371, 1.685480, 4.126721, 2.984048, 0.385204, 2.722756, 150.208481, 0.988240, 2.568356, 0.667575, 3.265157
1763498766.836958, 226.404358, 563.952087, 792.861572, 790.356445, 75.675255, 28.645855, 2, 3.730796, 1.727672, 3.014090, 2.958005, 0.391153, 2.791957, 173.937759, 0.988240, 2.568356, 0.667575, 3.265157
1763498767.624846, 225.335358, 561.263428, 787.851379, 786.598816, 76.156494, 28.646797, 2, 3.762530, 1.727617, 2.894236, 2.964315, 0.389293, 2.791865, 175.012650, 0.988240, 2.568356, 0.667575, 3.265157
1763498768.402714, 226.404358, 552.679199, 777.830994, 779.083557, 77.137581, 29.060343, 2, 3.957136, 1.703653, 2.619075, 3.077983, 0.385714, 2.752377, 172.856125, 0.988240, 2.568356, 0.667575, 3.265157
1763498769.179329, 214.645386, 548.155029, 776.578430, 762.800415, 77.261993, 28.139130, 2, 3.899335, 1.757998, 3.544048, 3.028140, 0.377346, 2.842628, 189.984116, 0.988240, 2.568356, 0.667575, 3.265157
1763498769.943431, 221.059372, 550.508850, 764.052979, 771.568237, 78.528587, 28.650656, 2, 4.027954, 1.727390, 3.417480, 3.077570, 0.381856, 2.791489, 119.706734, 0.988240, 2.568356, 0.667575, 3.265157
1763498770.730066, 217.852371, 564.988831, 786.598816, 782.841187, 76.277763, 27.828424, 2, 4.001030, 1.777138, 2.155334, 3.147206, 0.387154, 2.875013, 184.036819, 0.988240, 2.568356, 0.667575, 3.265157
1763498771.506681, 224.266357, 559.827393, 776.578430, 784.093750, 77.261993, 28.601984, 2, 3.955150, 1.730255, 4.526754, 3.071484, 0.388038, 2.796242, 131.993103, 0.988240, 2.568356, 0.667575, 3.265157
1763498772.302085, 226.404358, 571.467407, 795.366638, 797.871765, 75.436905, 28.376034, 2, 3.989067, 1.743685, 3.323116, 3.172771, 0.394778, 2.818616, 184.125107, 0.988240, 2.568356, 0.667575, 3.265157
1763498773.094995, 223.197357, 565.906616, 792.861572, 789.103943, 75.675255, 28.284914, 2, 3.893624, 1.749162, 3.616942, 3.087105, 0.390408, 2.827783, 141.934753, 0.988240, 2.568356, 0.667575, 3.265157
1763498773.880379, 210.369385, 559.946350, 785.346252, 770.315735, 76.399422, 27.309502, 2, 3.893519, 1.810077, 2.140136, 3.057761, 0.380785, 2.931472, 204.678040, 0.988240, 2.568356, 0.667575, 3.265157
1763498774.653236, 219.990372, 564.103394, 772.820801, 784.093750, 77.637665, 28.056643, 2, 3.854240, 1.763038, 4.727544, 2.978637, 0.387851, 2.851126, 134.701492, 0.988240, 2.568356, 0.667575, 3.265157
1763498775.441124, 227.473358, 569.145874, 787.851379, 796.619202, 76.156494, 28.554842, 2, 3.714233, 1.733040, 3.323042, 2.926264, 0.394220, 2.800868, 156.227402, 0.988240, 2.568356, 0.667575, 3.265157
1763498776.221509, 224.266357, 552.312073, 780.336121, 776.578430, 76.889946, 28.878778, 2, 3.827158, 1.714090, 3.664382, 2.986470, 0.384413, 2.769515, 174.264175, 0.988240, 2.568356, 0.667575, 3.265157
1763498777.003134, 218.921371, 556.404541, 781.588623, 775.325928, 76.766724, 28.236044, 2, 3.879001, 1.752114, 3.729419, 3.031783, 0.383575, 2.832736, 183.806137, 0.988240, 2.568356, 0.667575, 3.265157
1763498777.788517, 223.197357, 567.159058, 785.346252, 790.356445, 76.399422, 28.240088, 2, 3.937479, 1.751869, 3.511253, 3.092285, 0.391013, 2.832325, 119.418663, 0.988240, 2.568356, 0.667575, 3.265157
1763498778.566384, 233.887360, 556.469116, 777.830994, 790.356445, 77.137581, 29.592642, 2, 3.892725, 1.673794, 4.167559, 3.027882, 0.391479, 2.703857, 113.667183, 0.988240, 2.568356, 0.667575, 3.265157
1763498779.327982, 232.818344, 527.476990, 761.547852, 760.295349, 78.786911, 30.622091, 2, 3.888386, 1.618992, 4.882075, 2.961192, 0.376931, 2.616778, 110.443268, 0.988240, 2.568356, 0.667575, 3.265157
1763498780.122133, 231.749359, 561.112183, 794.114136, 792.861572, 75.555893, 29.229486, 2, 3.792876, 1.694047, 3.930062, 3.011976, 0.392594, 2.736685, 149.315048, 0.988240, 2.568356, 0.667575, 3.265157
1763498780.906263, 223.197357, 550.875977, 784.093750, 774.073364, 76.521461, 28.834135, 2, 3.781409, 1.716676, 3.466764, 2.964979, 0.383158, 2.773776, 133.169861, 0.988240, 2.568356, 0.667575, 3.265157
1763498781.680373, 224.266357, 551.059570, 774.073364, 775.325928, 77.512032, 28.925430, 2, 3.845313, 1.711396, 3.437252, 2.976555, 0.383808, 2.765082, 127.762695, 0.988240, 2.568356, 0.667575, 3.265157
1763498782.464515, 222.128372, 559.460266, 784.093750, 781.588623, 76.521461, 28.420115, 2, 3.925921, 1.741048, 4.443088, 3.078290, 0.386736, 2.814211, 139.620361, 0.988240, 2.568356, 0.667575, 3.265157
1763498783.246141, 223.197357, 559.643799, 781.588623, 782.841187, 76.766724, 28.511194, 2, 3.963926, 1.735626, 3.315959, 3.098160, 0.387387, 2.805171, 176.085815, 0.988240, 2.568356, 0.667575, 3.265157
1763498784.029018, 225.335358, 560.010864, 782.841187, 785.346252, 76.643898, 28.692484, 2, 3.951928, 1.724936, 2.715947, 3.093732, 0.388689, 2.787422, 179.680801, 0.988240, 2.568356, 0.667575, 3.265157
1763498784.811897, 217.852371, 556.221008, 782.841187, 774.073364, 76.643898, 28.143633, 2, 3.828833, 1.757723, 5.001266, 2.997368, 0.382924, 2.842166, 131.379120, 0.988240, 2.568356, 0.667575, 3.265157
1763498785.604807, 222.128372, 575.743408, 792.861572, 797.871765, 75.675255, 27.840111, 2, 3.712548, 1.776411, 1.419163, 2.943537, 0.394591, 2.873776, 192.040207, 0.988240, 2.568356, 0.667575, 3.265157
1763498786.378917, 231.749359, 553.596924, 774.073364, 785.346252, 77.512032, 29.509195, 2, 3.797102, 1.678404, 3.069351, 2.939236, 0.388969, 2.711298, 178.779129, 0.988240, 2.568356, 0.667575, 3.265157
1763498787.149270, 230.680344, 538.382812, 770.315735, 769.063171, 77.890137, 29.994980, 2, 3.816560, 1.651928, 5.434868, 2.939956, 0.381067, 2.668807, 108.896126, 0.988240, 2.568356, 0.667575, 3.265157
1763498787.945925, 223.197357, 564.654053, 796.619202, 787.851379, 75.318298, 28.329882, 2, 3.846590, 1.746455, 2.478673, 3.064268, 0.389804, 2.823248, 193.136261, 0.988240, 2.568356, 0.667575, 3.265157
1763498788.731320, 221.059372, 561.781799, 785.346252, 782.841187, 76.399422, 28.238089, 2, 3.575281, 1.751990, 5.335783, 2.807833, 0.387294, 2.832527, 179.126083, 0.988240, 2.568356, 0.667575, 3.265157
1763498789.499168, 227.473358, 547.852539, 767.810608, 775.325928, 78.144272, 29.339064, 2, 3.560266, 1.687883, 3.136417, 2.733610, 0.383948, 2.726657, 154.732758, 0.988240, 2.568356, 0.667575, 3.265157
1763498790.289562, 227.473358, 562.883057, 790.356445, 790.356445, 75.915115, 28.781111, 2, 3.837150, 1.719758, 4.448142, 3.032716, 0.391199, 2.778862, 130.267319, 0.988240, 2.568356, 0.667575, 3.265157
1763498791.063672, 224.266357, 546.049377, 774.073364, 770.315735, 77.512032, 29.113564, 2, 3.994990, 1.700619, 5.071726, 3.092416, 0.381392, 2.747411, 126.142731, 0.988240, 2.568356, 0.667575, 3.265157
1763498791.862845, 227.473358, 575.408569, 799.124329, 802.881958, 75.082184, 28.332106, 2, 3.777337, 1.746321, 3.902727, 3.018562, 0.397242, 2.823025, 122.455399, 0.988240, 2.568356, 0.667575, 3.265157
1763498792.646975, 226.404358, 556.436829, 784.093750, 782.841187, 76.521461, 28.920853, 2, 3.848313, 1.711660, 2.773422, 3.017438, 0.387527, 2.765516, 196.267654, 0.988240, 2.568356, 0.667575, 3.265157
1763498793.422337, 232.818344, 550.022827, 775.325928, 782.841187, 77.386810, 29.740175, 2, 3.872801, 1.665707, 4.199431, 3.002683, 0.387807, 2.690847, 127.865288, 0.988240, 2.568356, 0.667575, 3.265157
1763498794.213995, 228.542343, 558.056458, 791.609009, 786.598816, 75.794991, 29.054499, 2, 3.815856, 1.703987, 3.177512, 3.020666, 0.389433, 2.752923, 191.971024, 0.988240, 2.568356, 0.667575, 3.265157
1763498794.994368, 230.680344, 552.160828, 780.336121, 782.841187, 76.889946, 29.467068, 2, 3.958411, 1.680741, 2.958903, 3.088891, 0.387714, 2.715078, 181.369156, 0.988240, 2.568356, 0.667575, 3.265157
1763498795.794782, 218.921371, 567.677429, 800.376831, 786.598816, 74.964691, 27.831387, 2, 3.880175, 1.776954, 1.618220, 3.105602, 0.389013, 2.874699, 212.331360, 0.988240, 2.568356, 0.667575, 3.265157
1763498796.566387, 224.266357, 553.564636, 771.568237, 777.830994, 77.763702, 28.832275, 2, 3.965302, 1.716784, 3.520402, 3.059501, 0.385017, 2.773954, 111.231865, 0.988240, 2.568356, 0.667575, 3.265157
1763498797.366813, 217.852371, 575.009216, 800.376831, 792.861572, 74.964691, 27.476723, 2, 3.945872, 1.799327, 3.108565, 3.158184, 0.391988, 2.912944, 210.739410, 0.988240, 2.568356, 0.667575, 3.265157
1763498798.160963, 217.852371, 576.261780, 794.114136, 794.114136, 75.555893, 27.433384, 2, 3.847048, 1.802100, 2.547177, 3.054995, 0.392592, 2.917715, 180.738205, 0.988240, 2.568356, 0.667575, 3.265157
1763498798.950104, 221.059372, 571.802185, 789.103943, 792.861572, 76.035614, 27.881205, 2, 3.878678, 1.773857, 4.792139, 3.060680, 0.392128, 2.869439, 133.655380, 0.988240, 2.568356, 0.667575, 3.265157
1763498799.686637, 223.197357, 515.804688, 736.497009, 739.002075, 81.466728, 30.202536, 2, 3.887058, 1.640876, 5.843976, 2.862807, 0.366239, 2.651245, 100.227692, 0.988240, 2.568356, 0.667575, 3.265157
1763498800.453232, 225.335358, 543.727783, 766.558044, 769.063171, 78.271957, 29.299980, 2, 3.898422, 1.690077, 4.199136, 2.988366, 0.380834, 2.730222, 127.040688, 0.988240, 2.568356, 0.667575, 3.265157
1763498801.226103, 226.404358, 547.669006, 772.820801, 774.073364, 77.637665, 29.248438, 2, 3.836745, 1.692978, 4.048589, 2.965116, 0.383298, 2.734943, 138.752701, 0.988240, 2.568356, 0.667575, 3.265157
1763498802.000212, 228.542343, 548.036072, 774.073364, 776.578430, 77.512032, 29.429398, 2, 3.727327, 1.682836, 5.248317, 2.885224, 0.384599, 2.718471, 118.379639, 0.988240, 2.568356, 0.667575, 3.265157
1763498802.778080, 222.128372, 548.187378, 777.830994, 770.315735, 77.137581, 28.836018, 2, 3.821445, 1.716567, 1.355122, 2.972438, 0.381298, 2.773596, 169.129074, 0.988240, 2.568356, 0.667575, 3.265157
1763498803.532149, 223.197357, 532.087891, 754.032654, 755.285217, 79.572151, 29.551399, 2, 3.552537, 1.676069, 6.205126, 2.678729, 0.374094, 2.707527, 133.761612, 0.988240, 2.568356, 0.667575, 3.265157
1763498804.311282, 223.197357, 555.886230, 779.083557, 779.083557, 77.013565, 28.648706, 2, 3.627719, 1.727505, 3.679802, 2.826296, 0.385574, 2.791679, 120.031410, 0.988240, 2.568356, 0.667575, 3.265157
1763498805.084139, 219.990372, 549.072815, 772.820801, 769.063171, 77.637665, 28.604980, 2, 4.006066, 1.730079, 4.134653, 3.095971, 0.380601, 2.795949, 120.728897, 0.988240, 2.568356, 0.667575, 3.265157
1763498805.870774, 221.059372, 566.791992, 786.598816, 787.851379, 76.277763, 28.058512, 2, 3.977442, 1.762923, 3.938658, 3.128651, 0.389711, 2.850932, 123.527893, 0.988240, 2.568356, 0.667575, 3.265157
1763498806.658663, 226.404358, 567.709778, 787.851379, 794.114136, 76.156494, 28.510305, 2, 3.861167, 1.735679, 4.054860, 3.042026, 0.392965, 2.805259, 152.068237, 0.988240, 2.568356, 0.667575, 3.265157
1763498807.440301, 231.749359, 556.102051, 781.588623, 787.851379, 76.766724, 29.415365, 2, 3.912794, 1.683618, 3.903686, 3.058196, 0.390177, 2.719737, 123.743179, 0.988240, 2.568356, 0.667575, 3.265157
1763498808.226936, 226.404358, 553.931763, 786.598816, 780.336121, 76.277763, 29.013697, 2, 3.884605, 1.706322, 2.211775, 3.055626, 0.386319, 2.756750, 212.718155, 0.988240, 2.568356, 0.667575, 3.265157
1763498809.007309, 226.404358, 553.931763, 780.336121, 780.336121, 76.889946, 29.013697, 2, 3.718554, 1.706322, 2.614169, 2.901722, 0.386319, 2.756750, 188.374863, 0.988240, 2.568356, 0.667575, 3.265157
1763498809.791439, 221.059372, 556.771606, 784.093750, 777.830994, 76.521461, 28.419975, 2, 3.720247, 1.741057, 1.309010, 2.917022, 0.384877, 2.814225, 173.100082, 0.988240, 2.568356, 0.667575, 3.265157
1763498810.566814, 224.266357, 554.817200, 775.325928, 779.083557, 77.386810, 28.785917, 2, 3.749976, 1.719478, 2.478267, 2.907453, 0.385621, 2.778399, 199.819595, 0.988240, 2.568356, 0.667575, 3.265157
1763498811.349691, 218.921371, 557.657043, 782.841187, 776.578430, 76.643898, 28.190502, 2, 3.921820, 1.754874, 3.117972, 3.070162, 0.384179, 2.837372, 206.966354, 0.988240, 2.568356, 0.667575, 3.265157
1763498812.131318, 216.783386, 562.300171, 781.588623, 779.083557, 76.766724, 27.825436, 2, 3.887978, 1.777325, 1.796581, 3.038800, 0.385294, 2.875329, 217.330307, 0.988240, 2.568356, 0.667575, 3.265157
1763498812.904175, 217.852371, 556.221008, 772.820801, 774.073364, 77.637665, 28.143633, 2, 3.875568, 1.757723, 4.316187, 2.995119, 0.382924, 2.842166, 136.814529, 0.988240, 2.568356, 0.667575, 3.265157
1763498813.673275, 228.542343, 553.046265, 769.063171, 781.588623, 78.016998, 29.240746, 2, 3.860721, 1.693412, 5.451063, 2.969139, 0.387016, 2.735650, 135.675339, 0.988240, 2.568356, 0.667575, 3.265157
1763498814.505014, 218.921371, 601.496155, 831.690491, 820.417542, 72.142220, 26.684141, 2, 3.847382, 1.851475, 3.217832, 3.199831, 0.405327, 3.003737, 155.268890, 0.988240, 2.568356, 0.667575, 3.265157
1763498815.316700, 222.128372, 593.278992, 811.649780, 815.407349, 73.923508, 27.241400, 2, 3.987049, 1.814493, 3.690132, 3.236087, 0.403050, 2.939111, 130.338104, 0.988240, 2.568356, 0.667575, 3.265157
1763498816.133409, 216.783386, 593.613831, 816.659912, 810.397217, 73.469994, 26.750263, 2, 3.988967, 1.847006, 2.710414, 3.257630, 0.400400, 2.995867, 221.388824, 0.988240, 2.568356, 0.667575, 3.265157
1763498816.921297, 210.369385, 569.966736, 787.851379, 780.336121, 76.156494, 26.958817, 2, 3.848196, 1.833055, 1.427573, 3.031807, 0.385619, 2.971404, 163.006760, 0.988240, 2.568356, 0.667575, 3.265157
1763498817.687892, 209.300385, 556.005127, 766.558044, 765.305542, 78.271957, 27.348604, 2, 3.937731, 1.807552, 2.982255, 3.018500, 0.378321, 2.927111, 172.246750, 0.988240, 2.568356, 0.667575, 3.265157
1763498818.475780, 217.852371, 580.019409, 787.851379, 797.871765, 76.156494, 27.304184, 2, 3.925485, 1.810421, 4.772255, 3.092699, 0.394405, 2.932067, 132.688446, 0.988240, 2.568356, 0.667575, 3.265157
1763498819.256165, 225.335358, 563.768555, 780.336121, 789.103943, 76.889946, 28.555853, 2, 3.976195, 1.732980, 2.969343, 3.102769, 0.390502, 2.800769, 179.873962, 0.988240, 2.568356, 0.667575, 3.265157
1763498820.039043, 225.335358, 557.505859, 782.841187, 782.841187, 76.643898, 28.784298, 2, 3.875734, 1.719573, 3.009258, 3.034084, 0.387481, 2.778555, 161.864059, 0.988240, 2.568356, 0.667575, 3.265157
1763498820.819416, 219.990372, 554.083008, 780.336121, 774.073364, 76.889946, 28.419834, 2, 3.909860, 1.741065, 3.433785, 3.051005, 0.383018, 2.814239, 152.647934, 0.988240, 2.568356, 0.667575, 3.265157
1763498821.592273, 225.335358, 553.748169, 772.820801, 779.083557, 77.637665, 28.923130, 2, 3.990737, 1.711528, 5.278272, 3.084125, 0.385668, 2.765300, 118.460831, 0.988240, 2.568356, 0.667575, 3.265157
1763498822.373910, 221.059372, 555.519043, 781.588623, 776.578430, 76.766724, 28.465813, 2, 3.923734, 1.738323, 3.542130, 3.066746, 0.384273, 2.809665, 199.723831, 0.988240, 2.568356, 0.667575, 3.265157
1763498823.155537, 226.404358, 561.447021, 781.588623, 787.851379, 76.766724, 28.736937, 2, 3.841291, 1.722335, 3.454369, 3.002309, 0.389944, 2.783119, 201.989105, 0.988240, 2.568356, 0.667575, 3.265157
1763498823.924636, 227.473358, 542.842407, 769.063171, 770.315735, 78.016998, 29.529888, 2, 3.891712, 1.677258, 2.951304, 2.992973, 0.381532, 2.709447, 157.046524, 0.988240, 2.568356, 0.667575, 3.265157
1763498824.706262, 225.335358, 553.748169, 781.588623, 779.083557, 76.766724, 28.923130, 2, 3.893220, 1.711528, 2.984357, 3.042897, 0.385668, 2.765300, 202.896652, 0.988240, 2.568356, 0.667575, 3.265157
1763498825.491657, 227.473358, 560.378052, 785.346252, 787.851379, 76.399422, 28.872623, 2, 3.836645, 1.714446, 2.495457, 3.013095, 0.389991, 2.770101, 163.788986, 0.988240, 2.568356, 0.667575, 3.265157
1763498826.275787, 226.404358, 556.436829, 784.093750, 782.841187, 76.521461, 28.920853, 2, 3.871358, 1.711660, 2.570565, 3.035508, 0.387527, 2.765516, 189.347610, 0.988240, 2.568356, 0.667575, 3.265157
1763498827.047392, 227.473358, 545.347412, 771.568237, 772.820801, 77.763702, 29.434166, 2, 3.956307, 1.682571, 3.901657, 3.052561, 0.382740, 2.718040, 127.393478, 0.988240, 2.568356, 0.667575, 3.265157
1763498827.822754, 224.266357, 547.301880, 775.325928, 771.568237, 77.386810, 29.066303, 2, 3.986778, 1.703313, 3.439650, 3.091052, 0.381996, 2.751819, 162.207504, 0.988240, 2.568356, 0.667575, 3.265157
1763498828.599370, 225.335358, 552.495605, 776.578430, 777.830994, 77.261993, 28.969707, 2, 4.013402, 1.708847, 3.865505, 3.116721, 0.385064, 2.760893, 162.450027, 0.988240, 2.568356, 0.667575, 3.265157
1763498829.369735, 229.611359, 545.714600, 770.315735, 775.325928, 77.890137, 29.614819, 2, 3.312955, 1.672573, 5.944057, 2.552022, 0.384042, 2.701890, 119.944778, 0.988240, 2.568356, 0.667575, 3.265157
1763498830.156370, 229.611359, 556.987427, 786.598816, 786.598816, 76.277763, 29.190403, 2, 3.424925, 1.696257, 3.754652, 2.694042, 0.389480, 2.740288, 109.541451, 0.988240, 2.568356, 0.667575, 3.265157
1763498830.939248, 218.921371, 551.394348, 782.841187, 770.315735, 76.643898, 28.419695, 2, 4.018839, 1.741073, 1.180523, 3.146112, 0.381158, 2.814252, 180.619797, 0.988240, 2.568356, 0.667575, 3.265157
1763498831.705843, 215.714386, 547.086060, 766.558044, 762.800415, 78.271957, 28.279268, 2, 3.970286, 1.749502, 3.783130, 3.043455, 0.377393, 2.828354, 123.794647, 0.988240, 2.568356, 0.667575, 3.265157
1763498832.497500, 221.059372, 576.812378, 791.609009, 797.871765, 75.794991, 27.706129, 2, 3.944870, 1.784790, 1.802594, 3.122795, 0.394545, 2.888046, 190.759537, 0.988240, 2.568356, 0.667575, 3.265157
1763498833.274115, 226.404358, 556.436829, 776.578430, 782.841187, 77.261993, 28.920853, 2, 3.840073, 1.711660, 3.852151, 2.982118, 0.387527, 2.765516, 117.376801, 0.988240, 2.568356, 0.667575, 3.265157
1763498834.062004, 233.887360, 562.731812, 787.851379, 796.619202, 76.156494, 29.359997, 2, 3.878925, 1.686711, 4.461607, 3.056016, 0.394500, 2.724754, 116.343864, 0.988240, 2.568356, 0.667575, 3.265157
1763498834.852397, 226.404358, 555.184265, 790.356445, 781.588623, 75.915115, 28.967201, 2, 3.967264, 1.708991, 3.068650, 3.135553, 0.386923, 2.761130, 157.079117, 0.988240, 2.568356, 0.667575, 3.265157
1763498835.640297, 222.128372, 560.712830, 787.851379, 782.841187, 76.156494, 28.374640, 2, 3.905653, 1.743769, 2.029577, 3.077074, 0.387341, 2.818755, 171.218552, 0.988240, 2.568356, 0.667575, 3.265157
1763498836.423175, 226.404358, 561.447021, 782.841187, 787.851379, 76.643898, 28.736937, 2, 3.907569, 1.722335, 1.795733, 3.059005, 0.389944, 2.783119, 196.023575, 0.988240, 2.568356, 0.667575, 3.265157
1763498837.218578, 211.438385, 566.392578, 795.366638, 777.830994, 75.436905, 27.183077, 2, 3.957508, 1.818293, 2.655780, 3.147670, 0.384457, 2.945698, 202.378662, 0.988240, 2.568356, 0.667575, 3.265157
1763498838.010236, 214.645386, 580.721252, 791.609009, 795.366638, 75.794991, 26.986975, 2, 3.811168, 1.831188, 1.031304, 3.016955, 0.393056, 2.968142, 161.418655, 0.988240, 2.568356, 0.667575, 3.265157
1763498838.775578, 229.611359, 553.229858, 765.305542, 782.841187, 78.400063, 29.330517, 2, 3.876761, 1.688362, 2.293449, 2.966907, 0.387667, 2.727435, 153.452759, 0.988240, 2.568356, 0.667575, 3.265157
1763498839.568477, 218.921371, 561.414734, 792.861572, 780.336121, 75.675255, 28.054752, 2, 3.920261, 1.763154, 2.991772, 3.108224, 0.385992, 2.851321, 161.292709, 0.988240, 2.568356, 0.667575, 3.265157
1763498840.346345, 226.404358, 560.194458, 777.830994, 786.598816, 77.137581, 28.782698, 2, 3.920222, 1.719666, 2.991182, 3.049270, 0.389340, 2.778709, 168.285080, 0.988240, 2.568356, 0.667575, 3.265157
1763498841.131740, 219.990372, 557.840637, 785.346252, 777.830994, 76.399422, 28.282541, 2, 3.857550, 1.749305, 2.277550, 3.029513, 0.384830, 2.828023, 169.399033, 0.988240, 2.568356, 0.667575, 3.265157
1763498841.920880, 214.645386, 568.195801, 789.103943, 782.841187, 76.035614, 27.418766, 2, 3.769806, 1.803038, 0.368174, 2.974769, 0.387014, 2.919329, 124.053291, 0.988240, 2.568356, 0.667575, 3.265157
1763498842.689980, 229.611359, 556.987427, 769.063171, 786.598816, 78.016998, 29.190403, 2, 3.375519, 1.696257, 4.831242, 2.595987, 0.389480, 2.740288, 136.472305, 0.988240, 2.568356, 0.667575, 3.265157
1763498843.482878, 236.025330, 564.351501, 792.861572, 800.376831, 75.675255, 29.489275, 2, 3.404747, 1.679508, 4.115027, 2.699493, 0.396406, 2.713083, 121.381104, 0.988240, 2.568356, 0.667575, 3.265157
1763498844.278294, 227.473358, 557.872925, 795.366638, 785.346252, 75.436905, 28.964722, 2, 3.847888, 1.709133, 3.982630, 3.060482, 0.388782, 2.761364, 161.136169, 0.988240, 2.568356, 0.667575, 3.265157
1763498845.063677, 230.680344, 558.423584, 785.346252, 789.103943, 76.399422, 29.233202, 2, 3.896416, 1.693838, 4.495619, 3.060036, 0.390735, 2.736343, 133.725174, 0.988240, 2.568356, 0.667575, 3.265157
1763498845.855323, 217.852371, 558.726074, 791.609009, 776.578430, 75.794991, 28.052849, 2, 3.864315, 1.763270, 2.982771, 3.059026, 0.384133, 2.851518, 164.232315, 0.988240, 2.568356, 0.667575, 3.265157
1763498846.630686, 224.266357, 558.574829, 775.325928, 782.841187, 77.386810, 28.647747, 2, 3.974995, 1.727561, 3.958984, 3.081917, 0.387434, 2.791772, 122.214485, 0.988240, 2.568356, 0.667575, 3.265157
1763498847.421091, 221.059372, 565.539429, 790.356445, 786.598816, 75.915115, 28.103191, 2, 3.927910, 1.760190, 4.837255, 3.104449, 0.389107, 2.846322, 122.303017, 0.988240, 2.568356, 0.667575, 3.265157
1763498848.200211, 223.197357, 558.391235, 779.083557, 781.588623, 77.013565, 28.556883, 2, 3.956343, 1.732919, 3.787188, 3.082322, 0.386783, 2.800668, 120.324638, 0.988240, 2.568356, 0.667575, 3.265157
1763498848.986846, 226.404358, 563.952087, 786.598816, 790.356445, 76.277763, 28.645855, 2, 3.976165, 1.727672, 2.996199, 3.127646, 0.391153, 2.791957, 151.005783, 0.988240, 2.568356, 0.667575, 3.265157
1763498849.773494, 222.128372, 559.460266, 786.598816, 781.588623, 76.277763, 28.420115, 2, 3.880302, 1.741048, 3.712782, 3.052241, 0.386736, 2.814211, 128.536194, 0.988240, 2.568356, 0.667575, 3.265157
1763498850.560130, 227.473358, 565.388184, 786.598816, 792.861572, 76.277763, 28.690174, 2, 3.801229, 1.725071, 4.260299, 2.990043, 0.392408, 2.787646, 135.755905, 0.988240, 2.568356, 0.667575, 3.265157
1763498851.349271, 227.473358, 561.630615, 789.103943, 789.103943, 76.035614, 28.826794, 2, 3.840848, 1.717102, 3.607167, 3.030829, 0.390595, 2.774478, 109.291893, 0.988240, 2.568356, 0.667575, 3.265157
1763498852.140916, 216.783386, 562.300171, 791.609009, 779.083557, 75.794991, 27.825436, 2, 3.912048, 1.777325, 3.673752, 3.096812, 0.385294, 2.875329, 143.477173, 0.988240, 2.568356, 0.667575, 3.265157
1763498852.922554, 227.473358, 566.640747, 781.588623, 794.114136, 76.766724, 28.644920, 2, 3.974704, 1.727727, 4.878239, 3.106584, 0.393012, 2.792048, 126.227264, 0.988240, 2.568356, 0.667575, 3.265157
1763498853.710442, 225.335358, 560.010864, 787.851379, 785.346252, 76.156494, 28.692484, 2, 3.965093, 1.724936, 3.545376, 3.123904, 0.388689, 2.787422, 143.707565, 0.988240, 2.568356, 0.667575, 3.265157
1763498854.456995, 245.646317, 524.669434, 746.517395, 770.315735, 80.373207, 31.889042, 2, 4.020650, 1.556404, 5.468807, 3.001485, 0.382325, 2.520447, 106.083229, 0.988240, 2.568356, 0.667575, 3.265157
1763498855.244883, 242.439331, 541.654419, 787.851379, 784.093750, 76.156494, 30.919685, 2, 3.864158, 1.603830, 5.680111, 3.044382, 0.388832, 2.593136, 109.829834, 0.988240, 2.568356, 0.667575, 3.265157
1763498856.035290, 223.197357, 544.613281, 790.356445, 767.810608, 75.915115, 29.069324, 2, 3.858552, 1.703140, 3.483401, 3.049631, 0.380136, 2.751537, 154.356949, 0.988240, 2.568356, 0.667575, 3.265157
1763498856.808147, 225.335358, 549.990601, 772.820801, 775.325928, 77.637665, 29.063309, 2, 4.026280, 1.703484, 2.716980, 3.111593, 0.383855, 2.752100, 130.835907, 0.988240, 2.568356, 0.667575, 3.265157
1763498857.606055, 218.921371, 571.435059, 797.871765, 790.356445, 75.200058, 27.699068, 2, 3.883118, 1.785234, 3.268334, 3.098230, 0.390826, 2.888804, 180.177689, 0.988240, 2.568356, 0.667575, 3.265157
1763498858.397701, 226.404358, 573.972473, 791.609009, 800.376831, 75.794991, 28.287220, 2, 3.893599, 1.749023, 4.162873, 3.082208, 0.395986, 2.827550, 133.092743, 0.988240, 2.568356, 0.667575, 3.265157
1763498859.185601, 228.542343, 561.814087, 787.851379, 790.356445, 76.156494, 28.916365, 2, 3.813307, 1.711918, 3.812568, 3.004319, 0.391246, 2.765941, 113.881729, 0.988240, 2.568356, 0.667575, 3.265157
1763498859.992277, 214.645386, 575.711060, 806.639587, 790.356445, 74.382660, 27.158049, 2, 3.773964, 1.819928, 2.070561, 3.044229, 0.390639, 2.948536, 181.490982, 0.988240, 2.568356, 0.667575, 3.265157
1763498860.787680, 224.266357, 582.373230, 795.366638, 806.639587, 75.436905, 27.802547, 2, 3.790980, 1.778752, 3.821090, 3.015219, 0.398914, 2.877757, 179.819870, 0.988240, 2.568356, 0.667575, 3.265157
1763498861.576834, 216.783386, 563.552734, 789.103943, 780.336121, 76.035614, 27.780771, 2, 3.874930, 1.780112, 3.702157, 3.057723, 0.385899, 2.880072, 143.432755, 0.988240, 2.568356, 0.667575, 3.265157
1763498862.368480, 217.852371, 575.009216, 791.609009, 792.861572, 75.794991, 27.476723, 2, 4.007230, 1.799327, 2.376562, 3.172159, 0.391988, 2.912944, 188.794022, 0.988240, 2.568356, 0.667575, 3.265157
1763498863.166388, 215.714386, 579.652222, 797.871765, 795.366638, 75.200058, 27.121376, 2, 3.900103, 1.822330, 2.275300, 3.111782, 0.393103, 2.952709, 156.027145, 0.988240, 2.568356, 0.667575, 3.265157
1763498863.951771, 213.576385, 569.264771, 785.346252, 782.841187, 76.399422, 27.282211, 2, 3.874257, 1.811844, 1.788798, 3.042633, 0.386967, 2.934527, 203.441208, 0.988240, 2.568356, 0.667575, 3.265157
1763498864.723388, 224.266357, 559.827393, 771.568237, 784.093750, 77.763702, 28.601984, 2, 3.930532, 1.730255, 4.498459, 3.032673, 0.388038, 2.796242, 123.482201, 0.988240, 2.568356, 0.667575, 3.265157
1763498865.520043, 217.852371, 571.251587, 796.619202, 789.103943, 75.318298, 27.607563, 2, 3.927310, 1.791006, 3.541872, 3.128570, 0.390175, 2.898671, 119.976151, 0.988240, 2.568356, 0.667575, 3.265157
1763498866.301669, 228.542343, 565.571777, 781.588623, 794.114136, 76.766724, 28.779533, 2, 3.905943, 1.719850, 3.731632, 3.052841, 0.393059, 2.779013, 137.079132, 0.988240, 2.568356, 0.667575, 3.265157
1763498867.103348, 223.197357, 572.169312, 801.629395, 795.366638, 74.847557, 28.062197, 2, 3.767941, 1.762698, 2.870774, 3.020492, 0.393429, 2.850551, 165.650589, 0.988240, 2.568356, 0.667575, 3.265157
1763498867.887478, 226.404358, 561.447021, 784.093750, 787.851379, 76.521461, 28.736937, 2, 3.916643, 1.722335, 3.901067, 3.071015, 0.389944, 2.783119, 133.041397, 0.988240, 2.568356, 0.667575, 3.265157
1763498868.667851, 227.473358, 554.115234, 780.336121, 781.588623, 76.889946, 29.103977, 2, 3.905853, 1.701164, 2.642168, 3.047879, 0.386970, 2.748304, 200.295395, 0.988240, 2.568356, 0.667575, 3.265157
1763498869.455739, 223.197357, 559.643799, 787.851379, 782.841187, 76.156494, 28.511194, 2, 3.759506, 1.735626, 1.689159, 2.961932, 0.387387, 2.805171, 143.622849, 0.988240, 2.568356, 0.667575, 3.265157
1763498870.243639, 224.266357, 564.837585, 787.851379, 789.103943, 76.156494, 28.420383, 2, 3.829342, 1.741032, 2.530355, 3.016952, 0.390455, 2.814184, 187.001083, 0.988240, 2.568356, 0.667575, 3.265157
1763498871.025264, 229.611359, 558.239990, 781.588623, 787.851379, 76.766724, 29.143995, 2, 3.817729, 1.698889, 3.750114, 2.983893, 0.390084, 2.744584, 120.742065, 0.988240, 2.568356, 0.667575, 3.265157
1763498871.794364, 232.818344, 540.002441, 769.063171, 772.820801, 78.016998, 30.125788, 2, 3.779754, 1.644945, 3.762398, 2.906870, 0.382973, 2.657698, 119.013290, 0.988240, 2.568356, 0.667575, 3.265157
1763498872.582253, 227.473358, 554.115234, 787.851379, 781.588623, 76.156494, 29.103977, 2, 3.750072, 1.701164, 3.175225, 2.954500, 0.386970, 2.748304, 182.336014, 0.988240, 2.568356, 0.667575, 3.265157
1763498873.378921, 214.645386, 566.943237, 796.619202, 781.588623, 75.318298, 27.462706, 2, 3.827042, 1.800223, 2.158248, 3.048695, 0.386410, 2.914485, 218.980240, 0.988240, 2.568356, 0.667575, 3.265157
1763498874.166809, 217.852371, 573.756653, 787.851379, 791.609009, 76.156494, 27.520197, 2, 3.933294, 1.796553, 2.280390, 3.098851, 0.391383, 2.908180, 217.032578, 0.988240, 2.568356, 0.667575, 3.265157
1763498874.929646, 221.059372, 545.498657, 762.800415, 766.558044, 78.657532, 28.837915, 2, 4.024754, 1.716457, 2.075726, 3.070084, 0.379439, 2.773414, 222.158920, 0.988240, 2.568356, 0.667575, 3.265157
1763498875.688725, 217.852371, 537.432861, 759.042786, 755.285217, 79.046928, 28.843721, 2, 4.007565, 1.716120, 1.813551, 3.041913, 0.373861, 2.772859, 246.073685, 0.988240, 2.568356, 0.667575, 3.265157
1763498876.460330, 218.921371, 553.899414, 771.568237, 772.820801, 77.763702, 28.327572, 2, 3.960428, 1.746593, 1.852396, 3.055740, 0.382367, 2.823481, 237.658401, 0.988240, 2.568356, 0.667575, 3.265157
1763498877.214411, 231.749359, 537.313843, 754.032654, 769.063171, 79.572151, 30.133984, 2, 3.971005, 1.644509, 3.409474, 2.994267, 0.381114, 2.657007, 170.487686, 0.988240, 2.568356, 0.667575, 3.265157
1763498877.999795, 227.473358, 552.862793, 785.346252, 780.336121, 76.399422, 29.150688, 2, 3.931066, 1.698509, 3.598829, 3.087248, 0.386365, 2.743963, 125.659950, 0.988240, 2.568356, 0.667575, 3.265157
1763498878.812734, 219.990372, 584.144104, 812.902283, 804.134460, 73.809608, 27.357410, 2, 3.761074, 1.806984, 2.552673, 3.057385, 0.397519, 2.926131, 209.020218, 0.988240, 2.568356, 0.667575, 3.265157
1763498879.571813, 219.990372, 539.052429, 759.042786, 759.042786, 79.046928, 28.982603, 2, 3.959488, 1.708106, 3.151468, 3.005421, 0.375767, 2.759677, 151.648712, 0.988240, 2.568356, 0.667575, 3.265157
1763498880.350946, 222.128372, 559.460266, 779.083557, 781.588623, 77.013565, 28.420115, 2, 3.907769, 1.741048, 2.667364, 3.044478, 0.386736, 2.814211, 189.210709, 0.988240, 2.568356, 0.667575, 3.265157
1763498881.133823, 227.473358, 561.630615, 782.841187, 789.103943, 76.643898, 28.826794, 2, 3.917244, 1.717102, 3.759927, 3.066580, 0.390595, 2.774478, 168.365631, 0.988240, 2.568356, 0.667575, 3.265157
1763498881.921711, 228.542343, 560.561584, 787.851379, 789.103943, 76.156494, 28.962261, 2, 3.886448, 1.709275, 3.881331, 3.061943, 0.390642, 2.761596, 116.874207, 0.988240, 2.568356, 0.667575, 3.265157
1763498882.717127, 221.059372, 565.539429, 795.366638, 786.598816, 75.436905, 28.103191, 2, 3.831809, 1.760190, 2.426658, 3.047693, 0.389107, 2.846322, 218.126755, 0.988240, 2.568356, 0.667575, 3.265157
1763498883.482470, 225.335358, 544.980347, 765.305542, 770.315735, 78.400063, 29.252338, 2, 3.929843, 1.692758, 3.102331, 3.007530, 0.381438, 2.734585, 167.278214, 0.988240, 2.568356, 0.667575, 3.265157
1763498884.264095, 219.990372, 555.335571, 781.588623, 775.325928, 76.766724, 28.373920, 2, 3.959734, 1.743812, 2.048280, 3.094883, 0.383622, 2.818827, 203.756729, 0.988240, 2.568356, 0.667575, 3.265157
1763498885.067013, 221.059372, 583.075073, 802.881958, 804.134460, 74.730789, 27.490351, 2, 3.889052, 1.798457, 1.618515, 3.122449, 0.397566, 2.911449, 198.467392, 0.988240, 2.568356, 0.667575, 3.265157
1763498885.833608, 226.404358, 546.416443, 766.558044, 772.820801, 78.271957, 29.295841, 2, 4.057209, 1.690309, 3.439835, 3.110086, 0.382693, 2.730600, 156.345291, 0.988240, 2.568356, 0.667575, 3.265157
1763498886.610235, 219.990372, 549.072815, 776.578430, 769.063171, 77.261993, 28.604980, 2, 3.946831, 1.730079, 0.964902, 3.065024, 0.380601, 2.795949, 185.201797, 0.988240, 2.568356, 0.667575, 3.265157
1763498887.349274, 230.680344, 520.847229, 739.002075, 751.527588, 81.190567, 30.694860, 2, 4.111884, 1.615258, 3.839055, 3.038691, 0.372608, 2.610936, 127.199768, 0.988240, 2.568356, 0.667575, 3.265157
1763498888.124636, 225.335358, 543.727783, 775.325928, 769.063171, 77.386810, 29.299980, 2, 4.105280, 1.690077, 0.758320, 3.182930, 0.380834, 2.730222, 155.762589, 0.988240, 2.568356, 0.667575, 3.265157
1763498888.878707, 228.542343, 529.247864, 754.032654, 757.790222, 79.572151, 30.159050, 2, 3.949919, 1.643179, 2.654932, 2.978368, 0.375536, 2.654895, 186.644974, 0.988240, 2.568356, 0.667575, 3.265157
1763498889.637786, 223.197357, 529.582764, 759.042786, 752.780090, 79.046928, 29.649744, 2, 3.871948, 1.670655, 0.956528, 2.938974, 0.372886, 2.698800, 204.985031, 0.988240, 2.568356, 0.667575, 3.265157
1763498890.395613, 229.611359, 535.694214, 757.790222, 765.305542, 79.177582, 30.002573, 2, 3.837757, 1.651521, 2.048022, 2.908215, 0.379208, 2.668158, 188.345749, 0.988240, 2.568356, 0.667575, 3.265157
1763498891.165977, 226.404358, 540.153687, 770.315735, 766.558044, 77.890137, 29.535189, 2, 3.740330, 1.676965, 2.328236, 2.881235, 0.379672, 2.708974, 167.326523, 0.988240, 2.568356, 0.667575, 3.265157
1763498891.951360, 224.266357, 558.574829, 785.346252, 782.841187, 76.399422, 28.647747, 2, 3.710475, 1.727561, 1.364566, 2.914008, 0.387434, 2.791772, 154.481522, 0.988240, 2.568356, 0.667575, 3.265157
1763498892.735490, 216.783386, 558.542542, 784.093750, 775.325928, 76.521461, 27.960291, 2, 3.876362, 1.768963, 1.715018, 3.039431, 0.383482, 2.861143, 201.136917, 0.988240, 2.568356, 0.667575, 3.265157
1763498893.488307, 219.990372, 536.547363, 752.780090, 756.537720, 79.704552, 29.078573, 2, 4.077529, 1.702612, 1.442403, 3.069483, 0.374558, 2.750673, 142.916977, 0.988240, 2.568356, 0.667575, 3.265157
1763498894.257408, 217.852371, 548.705688, 769.063171, 766.558044, 78.016998, 28.419554, 2, 4.084707, 1.741082, 1.278391, 3.141397, 0.379299, 2.814267, 175.308411, 0.988240, 2.568356, 0.667575, 3.265157
1763498895.036540, 224.266357, 562.332458, 779.083557, 786.598816, 77.013565, 28.510895, 2, 3.777911, 1.735644, 1.136661, 2.943309, 0.389247, 2.805201, 144.152252, 0.988240, 2.568356, 0.667575, 3.265157
1763498895.820670, 215.714386, 558.359009, 784.093750, 774.073364, 76.521461, 27.867434, 2, 3.651815, 1.774712, 1.407247, 2.863365, 0.382831, 2.870890, 127.138878, 0.988240, 2.568356, 0.667575, 3.265157
1763498896.581002, 215.714386, 544.580933, 760.295349, 760.295349, 78.916702, 28.372446, 2, 3.784522, 1.743900, 4.743518, 2.877354, 0.376184, 2.818975, 118.516930, 0.988240, 2.568356, 0.667575, 3.265157
1763498897.361375, 227.473358, 566.640747, 780.336121, 794.114136, 76.889946, 28.644920, 2, 3.750345, 1.727727, 1.991470, 2.926530, 0.393012, 2.792048, 163.607849, 0.988240, 2.568356, 0.667575, 3.265157
1763498898.146770, 227.473358, 557.872925, 785.346252, 785.346252, 76.399422, 28.964722, 2, 3.734942, 1.709133, 2.560605, 2.933223, 0.388782, 2.761364, 168.744217, 0.988240, 2.568356, 0.667575, 3.265157
1763498898.924638, 233.887360, 551.458862, 777.830994, 785.346252, 77.137581, 29.781431, 2, 3.803914, 1.663460, 2.713660, 2.958802, 0.389062, 2.687242, 163.334763, 0.988240, 2.568356, 0.667575, 3.265157
1763498899.705011, 223.197357, 544.613281, 780.336121, 767.810608, 76.889946, 29.069324, 2, 3.851730, 1.703140, 2.091294, 3.005644, 0.380136, 2.751537, 201.292038, 0.988240, 2.568356, 0.667575, 3.265157
1763498900.477869, 229.611359, 550.724731, 772.820801, 780.336121, 77.637665, 29.424673, 2, 3.916512, 1.683100, 2.351882, 3.026762, 0.386459, 2.718897, 154.355820, 0.988240, 2.568356, 0.667575, 3.265157
1763498901.257001, 226.404358, 548.921570, 779.083557, 775.325928, 77.013565, 29.201185, 2, 3.863629, 1.695647, 2.484354, 3.010090, 0.383902, 2.739293, 181.840561, 0.988240, 2.568356, 0.667575, 3.265157
1763498902.044889, 224.266357, 561.079895, 787.851379, 785.346252, 76.156494, 28.556368, 2, 3.813507, 1.732949, 1.602283, 3.004477, 0.388642, 2.800718, 185.982712, 0.988240, 2.568356, 0.667575, 3.265157
1763498902.815241, 215.714386, 544.580933, 770.315735, 760.295349, 77.890137, 28.372446, 2, 3.810519, 1.743900, 3.150877, 2.935302, 0.376184, 2.818975, 194.305222, 0.988240, 2.568356, 0.667575, 3.265157
1763498903.594361, 228.542343, 565.571777, 779.083557, 794.114136, 77.013565, 28.779533, 2, 3.899077, 1.719850, 2.016112, 3.037707, 0.393059, 2.779013, 187.665436, 0.988240, 2.568356, 0.667575, 3.265157
1763498904.367231, 231.749359, 544.829102, 772.820801, 776.578430, 77.637665, 29.842365, 2, 3.862772, 1.660153, 1.248142, 2.985231, 0.384739, 2.681943, 194.439377, 0.988240, 2.568356, 0.667575, 3.265157
1763498905.130069, 234.956345, 531.601685, 762.800415, 766.558044, 78.657532, 30.650822, 2, 3.734197, 1.617516, 2.653973, 2.848447, 0.380046, 2.614467, 198.788986, 0.988240, 2.568356, 0.667575, 3.265157
1763498905.896663, 240.301331, 532.519470, 766.558044, 772.820801, 78.271957, 31.094057, 2, 3.567702, 1.595081, 4.391811, 2.734850, 0.383300, 2.579582, 137.801514, 0.988240, 2.568356, 0.667575, 3.265157
1763498906.656995, 232.818344, 518.709229, 760.295349, 751.527588, 78.916702, 30.979347, 2, 3.708094, 1.600825, 2.821673, 2.819247, 0.372702, 2.588474, 154.989426, 0.988240, 2.568356, 0.667575, 3.265157
1763498907.432358, 232.818344, 542.507568, 775.325928, 775.325928, 77.386810, 30.028448, 2, 3.778956, 1.650136, 3.078352, 2.929923, 0.384182, 2.665951, 195.639481, 0.988240, 2.568356, 0.667575, 3.265157
1763498908.191437, 231.749359, 526.040894, 759.042786, 757.790222, 79.046928, 30.582258, 2, 3.796737, 1.621044, 3.494358, 2.881886, 0.375676, 2.619992, 165.179459, 0.988240, 2.568356, 0.667575, 3.265157
1763498908.955539, 236.025330, 533.037842, 764.052979, 769.063171, 78.528587, 30.689980, 2, 3.804716, 1.615508, 2.937064, 2.907004, 0.381301, 2.611327, 148.175354, 0.988240, 2.568356, 0.667575, 3.265157
1763498909.724639, 231.749359, 532.303589, 769.063171, 764.052979, 78.016998, 30.331581, 2, 3.848063, 1.634081, 2.824145, 2.959403, 0.378697, 2.640498, 194.202057, 0.988240, 2.568356, 0.667575, 3.265157
1763498910.486224, 239.232315, 531.083435, 761.547852, 770.315735, 78.786911, 31.056398, 2, 3.841904, 1.596962, 2.713771, 2.925794, 0.382045, 2.582491, 168.609985, 0.988240, 2.568356, 0.667575, 3.265157
1763498911.260334, 234.956345, 534.106812, 774.073364, 769.063171, 77.512032, 30.550980, 2, 3.683511, 1.622659, 1.336419, 2.851308, 0.381254, 2.622525, 218.170471, 0.988240, 2.568356, 0.667575, 3.265157
1763498912.031939, 238.163330, 537.162598, 771.568237, 775.325928, 77.763702, 30.717834, 2, 3.523424, 1.614082, 2.288026, 2.718562, 0.384415, 2.609100, 154.272720, 0.988240, 2.568356, 0.667575, 3.265157
1763498912.794788, 231.749359, 523.535889, 762.800415, 755.285217, 78.657532, 30.683687, 2, 3.582951, 1.615830, 2.466278, 2.733076, 0.374468, 2.611831, 175.142136, 0.988240, 2.568356, 0.667575, 3.265157
1763498913.557625, 228.542343, 530.500427, 762.800415, 759.042786, 78.657532, 30.109283, 2, 3.613817, 1.645823, 3.979532, 2.756621, 0.376140, 2.659092, 132.591034, 0.988240, 2.568356, 0.667575, 3.265157
1763498914.321715, 239.232315, 537.346130, 764.052979, 776.578430, 78.528587, 30.805943, 2, 3.659984, 1.609591, 4.254176, 2.796422, 0.385066, 2.602095, 142.374619, 0.988240, 2.568356, 0.667575, 3.265157
1763498915.079542, 226.404358, 516.355347, 757.790222, 742.759705, 79.177582, 30.481508, 2, 3.594705, 1.626258, 1.767881, 2.724032, 0.368192, 2.628176, 143.896988, 0.988240, 2.568356, 0.667575, 3.265157
1763498915.839873, 229.611359, 534.441650, 760.295349, 764.052979, 78.916702, 30.051760, 2, 3.580128, 1.648889, 3.910142, 2.721954, 0.378604, 2.663968, 123.646034, 0.988240, 2.568356, 0.667575, 3.265157
1763498916.620247, 227.473358, 550.357666, 780.336121, 777.830994, 76.889946, 29.244576, 2, 3.664407, 1.693196, 0.115258, 2.859469, 0.385157, 2.735298, 133.138443, 0.988240, 2.568356, 0.667575, 3.265157
1763498917.358045, 239.232315, 512.295288, 737.749573, 751.527588, 81.328407, 31.832806, 2, 3.611482, 1.559077, 3.552238, 2.664369, 0.372982, 2.524493, 170.307007, 0.988240, 2.568356, 0.667575, 3.265157
1763498918.107104, 252.060318, 511.992676, 749.022461, 764.052979, 80.104408, 32.989902, 2, 3.677021, 1.505925, 5.079325, 2.754171, 0.379584, 2.445178, 104.427383, 0.988240, 2.568356, 0.667575, 3.265157
1763498918.905013, 231.749359, 542.323975, 797.871765, 774.073364, 75.200058, 29.938940, 2, 3.446599, 1.654939, 1.357667, 2.749944, 0.383531, 2.673608, 144.833817, 0.988240, 2.568356, 0.667575, 3.265157
1763498919.667850, 241.370316, 532.703064, 762.800415, 774.073364, 78.657532, 31.181839, 2, 3.448436, 1.590714, 2.486530, 2.630469, 0.383951, 2.572841, 171.781082, 0.988240, 2.568356, 0.667575, 3.265157
1763498920.454485, 238.163330, 544.677856, 786.598816, 782.841187, 76.277763, 30.422943, 2, 3.472982, 1.629305, 1.632902, 2.731843, 0.388041, 2.632969, 199.690323, 0.988240, 2.568356, 0.667575, 3.265157
1763498921.243638, 232.818344, 550.022827, 789.103943, 782.841187, 76.035614, 29.740175, 2, 3.336612, 1.665707, 2.614464, 2.632934, 0.387807, 2.690847, 175.629654, 0.988240, 2.568356, 0.667575, 3.265157
1763498921.991445, 231.749359, 514.768066, 747.769897, 746.517395, 80.238586, 31.044065, 2, 3.875010, 1.597579, 5.511673, 2.897616, 0.370238, 2.583446, 121.456642, 0.988240, 2.568356, 0.667575, 3.265157
1763498922.781838, 213.576385, 555.486816, 790.356445, 769.063171, 75.915115, 27.770981, 2, 3.835475, 1.780724, 1.582805, 3.031392, 0.380321, 2.881114, 197.163849, 0.988240, 2.568356, 0.667575, 3.265157
1763498923.498331, 241.370316, 507.652161, 716.456238, 749.022461, 83.745522, 32.224709, 2, 3.907614, 1.540647, 5.528568, 2.799634, 0.371866, 2.496719, 100.070045, 0.988240, 2.568356, 0.667575, 3.265157
1763498924.278704, 218.921371, 535.111267, 780.336121, 754.032654, 76.889946, 29.033407, 2, 3.866529, 1.705193, 3.456435, 3.017192, 0.373303, 2.754900, 157.965164, 0.988240, 2.568356, 0.667575, 3.265157
1763498925.039036, 236.025330, 544.310791, 760.295349, 780.336121, 78.916702, 30.246624, 2, 3.932842, 1.638548, 4.358020, 2.990121, 0.386739, 2.647558, 120.297623, 0.988240, 2.568356, 0.667575, 3.265157
1763498925.801885, 233.887360, 526.407959, 762.800415, 760.295349, 78.657532, 30.762695, 2, 4.001938, 1.611792, 4.782178, 3.052680, 0.376978, 2.605526, 111.563560, 0.988240, 2.568356, 0.667575, 3.265157
1763498926.587268, 219.990372, 549.072815, 785.346252, 769.063171, 76.399422, 28.604980, 2, 3.953204, 1.730079, 2.672491, 3.104634, 0.380601, 2.795949, 195.670670, 0.988240, 2.568356, 0.667575, 3.265157
1763498927.363884, 236.025330, 559.341309, 776.578430, 795.366638, 77.261993, 29.675034, 2, 3.704205, 1.669268, 4.158336, 2.876606, 0.393990, 2.696568, 115.427971, 0.988240, 2.568356, 0.667575, 3.265157
1763498928.146762, 228.542343, 545.531006, 782.841187, 774.073364, 76.643898, 29.524635, 2, 3.636040, 1.677549, 3.134314, 2.846442, 0.383391, 2.709917, 168.388229, 0.988240, 2.568356, 0.667575, 3.265157
1763498928.912116, 234.956345, 537.864441, 765.305542, 772.820801, 78.400063, 30.402437, 2, 3.717812, 1.630374, 3.865173, 2.845262, 0.383067, 2.634653, 164.160599, 0.988240, 2.568356, 0.667575, 3.265157
1763498929.678710, 229.611359, 530.683960, 766.558044, 760.295349, 78.271957, 30.200285, 2, 3.856669, 1.640995, 4.029037, 2.956361, 0.376791, 2.651433, 162.178299, 0.988240, 2.568356, 0.667575, 3.265157
1763498930.430275, 229.611359, 521.916260, 751.527588, 751.527588, 79.837387, 30.552620, 2, 3.923447, 1.622574, 4.208469, 2.948579, 0.372561, 2.622391, 118.673302, 0.988240, 2.568356, 0.667575, 3.265157
1763498931.218162, 229.611359, 558.239990, 787.851379, 787.851379, 76.156494, 29.143995, 2, 3.814064, 1.698889, 2.876713, 3.004915, 0.390084, 2.744584, 183.333694, 0.988240, 2.568356, 0.667575, 3.265157
1763498931.983505, 240.301331, 537.529663, 765.305542, 777.830994, 78.400063, 30.893772, 2, 3.675290, 1.605139, 5.212054, 2.812720, 0.385717, 2.595169, 101.148743, 0.988240, 2.568356, 0.667575, 3.265157
1763498932.766396, 232.818344, 541.255005, 782.841187, 774.073364, 76.643898, 30.077038, 2, 3.660375, 1.647540, 3.291317, 2.865492, 0.383578, 2.661822, 181.299362, 0.988240, 2.568356, 0.667575, 3.265157
1763498933.521717, 226.404358, 521.365540, 755.285217, 747.769897, 79.440186, 30.277275, 2, 3.839832, 1.636933, 4.868316, 2.900168, 0.370609, 2.645005, 115.310394, 0.988240, 2.568356, 0.667575, 3.265157
1763498934.325888, 217.852371, 576.261780, 804.134460, 794.114136, 74.614388, 27.433384, 2, 3.614608, 1.802100, -0.679384, 2.906631, 0.392592, 2.917715, 102.696503, 0.988240, 2.568356, 0.667575, 3.265157
1763498935.082463, 232.818344, 541.255005, 756.537720, 774.073364, 79.308670, 30.077038, 2, 3.667519, 1.647540, 3.634243, 2.774617, 0.383578, 2.661822, 146.544220, 0.988240, 2.568356, 0.667575, 3.265157
1763498935.850310, 230.680344, 534.625183, 767.810608, 765.305542, 78.144272, 30.142254, 2, 3.915865, 1.644070, 3.453226, 3.006643, 0.379255, 2.656310, 145.558823, 0.988240, 2.568356, 0.667575, 3.265157
1763498936.616917, 226.404358, 535.143494, 766.558044, 761.547852, 78.271957, 29.729498, 2, 3.867044, 1.666290, 2.560900, 2.964314, 0.377255, 2.691782, 173.864609, 0.988240, 2.568356, 0.667575, 3.265157
1763498937.381006, 231.749359, 538.566406, 764.052979, 770.315735, 78.528587, 30.084982, 2, 3.817168, 1.647117, 4.344666, 2.916518, 0.381718, 2.661149, 147.736679, 0.988240, 2.568356, 0.667575, 3.265157
1763498938.160127, 229.611359, 546.967041, 779.083557, 776.578430, 77.013565, 29.567055, 2, 3.811572, 1.675205, 2.301381, 2.969533, 0.384646, 2.706132, 151.700790, 0.988240, 2.568356, 0.667575, 3.265157
1763498938.936742, 230.680344, 547.150635, 776.578430, 777.830994, 77.261993, 29.656872, 2, 3.735791, 1.670264, 2.280095, 2.901135, 0.385297, 2.698170, 168.819656, 0.988240, 2.568356, 0.667575, 3.265157
1763498939.707095, 219.990372, 537.799866, 770.315735, 757.790222, 77.890137, 29.030510, 2, 3.731228, 1.705359, 1.893417, 2.874224, 0.375163, 2.755172, 144.157333, 0.988240, 2.568356, 0.667575, 3.265157
1763498940.461176, 222.128372, 534.409363, 754.032654, 756.537720, 79.572151, 29.361176, 2, 3.683961, 1.686645, 2.012866, 2.777827, 0.374652, 2.724647, 186.519882, 0.988240, 2.568356, 0.667575, 3.265157
1763498941.221508, 222.128372, 538.166992, 760.295349, 760.295349, 78.916702, 29.216063, 2, 3.996246, 1.694806, 2.391392, 3.038327, 0.376464, 2.737921, 208.861526, 0.988240, 2.568356, 0.667575, 3.265157
1763498941.995618, 215.714386, 550.843628, 774.073364, 766.558044, 77.512032, 28.140646, 2, 4.162497, 1.757905, 3.448983, 3.222078, 0.379205, 2.842473, 175.203476, 0.988240, 2.568356, 0.667575, 3.265157
1763498942.777243, 222.128372, 566.975586, 781.588623, 789.103943, 76.766724, 28.149445, 2, 4.054544, 1.757370, 3.442417, 3.168985, 0.390362, 2.841571, 210.952835, 0.988240, 2.568356, 0.667575, 3.265157
1763498943.557617, 223.197357, 558.391235, 780.336121, 781.588623, 76.889946, 28.556883, 2, 4.060252, 1.732919, 2.135118, 3.168361, 0.386783, 2.800668, 196.635788, 0.988240, 2.568356, 0.667575, 3.265157
1763498944.324224, 239.232315, 546.113953, 766.558044, 785.346252, 78.271957, 30.462017, 2, 4.065733, 1.627271, 4.974854, 3.116621, 0.389296, 2.629768, 137.419739, 0.988240, 2.568356, 0.667575, 3.265157
1763498945.090818, 241.370316, 527.692871, 766.558044, 769.063171, 78.271957, 31.384977, 2, 3.789382, 1.580700, 3.525603, 2.904782, 0.381534, 2.557446, 141.606766, 0.988240, 2.568356, 0.667575, 3.265157
1763498945.873696, 219.990372, 537.799866, 782.841187, 757.790222, 76.643898, 29.030510, 2, 3.458876, 1.705359, 5.445456, 2.707751, 0.375163, 2.755172, 113.420700, 0.988240, 2.568356, 0.667575, 3.265157
1763498946.649058, 218.921371, 555.151978, 775.325928, 774.073364, 77.386810, 28.281733, 2, 3.688294, 1.749354, 1.346342, 2.859630, 0.382971, 2.828105, 143.239182, 0.988240, 2.568356, 0.667575, 3.265157
1763498947.411908, 233.887360, 546.448730, 762.800415, 780.336121, 78.657532, 29.972643, 2, 3.812688, 1.653127, 4.921363, 2.908320, 0.386645, 2.670717, 109.942566, 0.988240, 2.568356, 0.667575, 3.265157
1763498948.201048, 215.714386, 552.096191, 789.103943, 767.810608, 76.035614, 28.094738, 2, 3.777132, 1.760706, 2.102545, 2.980550, 0.379810, 2.847192, 133.851517, 0.988240, 2.568356, 0.667575, 3.265157
1763498948.975159, 215.714386, 558.359009, 774.073364, 774.073364, 77.512032, 27.867434, 2, 4.106076, 1.774712, 3.320201, 3.178404, 0.382831, 2.870890, 155.551880, 0.988240, 2.568356, 0.667575, 3.265157
1763498949.769310, 216.783386, 578.583252, 794.114136, 795.366638, 75.555893, 27.255779, 2, 4.078866, 1.813559, 4.702127, 3.239085, 0.393149, 2.937494, 129.175079, 0.988240, 2.568356, 0.667575, 3.265157
1763498950.563473, 218.921371, 577.697815, 794.114136, 796.619202, 75.555893, 27.481308, 2, 4.129794, 1.799034, 2.703479, 3.279528, 0.393847, 2.912441, 161.142960, 0.988240, 2.568356, 0.667575, 3.265157
1763498951.315037, 229.611359, 534.441650, 751.527588, 764.052979, 79.837387, 30.051760, 2, 4.094965, 1.648889, 7.075945, 3.077479, 0.378604, 2.663968, 102.861259, 0.988240, 2.568356, 0.667575, 3.265157
1763498952.069106, 237.094315, 525.706116, 754.032654, 762.800415, 79.572151, 31.082090, 2, 4.052072, 1.595678, 6.740618, 3.055395, 0.378326, 2.580506, 105.615036, 0.988240, 2.568356, 0.667575, 3.265157
1763498952.859499, 221.059372, 550.508850, 790.356445, 771.568237, 75.915115, 28.650656, 2, 3.850797, 1.727390, 2.783160, 3.043502, 0.381856, 2.791489, 174.096207, 0.988240, 2.568356, 0.667575, 3.265157
1763498953.624841, 226.404358, 545.163879, 765.305542, 771.568237, 78.400063, 29.343399, 2, 3.874745, 1.687640, 3.430833, 2.965364, 0.382089, 2.726263, 169.241806, 0.988240, 2.568356, 0.667575, 3.265157
1763498954.395206, 229.611359, 544.462036, 770.315735, 774.073364, 77.890137, 29.662737, 2, 3.821146, 1.669942, 3.098088, 2.943489, 0.383438, 2.697653, 127.552681, 0.988240, 2.568356, 0.667575, 3.265157
1763498955.174327, 236.025330, 550.573486, 779.083557, 786.598816, 77.013565, 30.005806, 2, 3.754911, 1.651348, 3.385201, 2.925389, 0.389760, 2.667882, 190.339661, 0.988240, 2.568356, 0.667575, 3.265157
1763498955.928396, 245.646317, 519.659241, 754.032654, 765.305542, 79.572151, 32.097809, 2, 3.765609, 1.546565, 6.206122, 2.839392, 0.379908, 2.505607, 92.394913, 0.988240, 2.568356, 0.667575, 3.265157
1763498956.706263, 242.439331, 531.634033, 777.830994, 774.073364, 77.137581, 31.319942, 2, 3.737912, 1.583892, 5.990944, 2.907464, 0.383998, 2.562344, 94.032822, 0.988240, 2.568356, 0.667575, 3.265157
1763498957.482878, 237.094315, 533.221436, 776.578430, 770.315735, 77.261993, 30.778849, 2, 3.831442, 1.610969, 3.093440, 2.975415, 0.381952, 2.604243, 109.460396, 0.988240, 2.568356, 0.667575, 3.265157
1763498958.246980, 232.818344, 526.224426, 764.052979, 759.042786, 78.528587, 30.672625, 2, 3.812637, 1.616397, 3.592706, 2.913057, 0.376327, 2.612717, 126.487373, 0.988240, 2.568356, 0.667575, 3.265157
1763498959.013575, 241.370316, 535.208130, 766.558044, 776.578430, 78.271957, 31.081253, 2, 3.725317, 1.595720, 5.463458, 2.855671, 0.385159, 2.580570, 106.629036, 0.988240, 2.568356, 0.667575, 3.265157
1763498959.801464, 240.301331, 546.297485, 787.851379, 786.598816, 76.156494, 30.549414, 2, 3.652911, 1.622740, 3.778667, 2.877951, 0.389947, 2.622652, 120.686935, 0.988240, 2.568356, 0.667575, 3.265157
1763498960.594362, 237.094315, 552.009644, 792.861572, 789.103943, 75.675255, 30.046019, 2, 3.346610, 1.649196, 5.073238, 2.653399, 0.391015, 2.664456, 124.727287, 0.988240, 2.568356, 0.667575, 3.265157
1763498961.372242, 234.956345, 540.369568, 777.830994, 775.325928, 77.137581, 30.304203, 2, 3.145229, 1.635517, 6.645626, 2.446456, 0.384275, 2.642767, 112.539833, 0.988240, 2.568356, 0.667575, 3.265157
1763498962.156372, 223.197357, 547.118408, 784.093750, 770.315735, 76.521461, 28.974789, 2, 3.531047, 1.708555, 1.231578, 2.768672, 0.381345, 2.760414, 186.600464, 0.988240, 2.568356, 0.667575, 3.265157
1763498962.912946, 219.990372, 532.789734, 756.537720, 752.780090, 79.308670, 29.223722, 2, 3.822151, 1.694373, -0.348372, 2.891601, 0.372746, 2.737216, 121.814529, 0.988240, 2.568356, 0.667575, 3.265157
1763498963.683298, 234.956345, 552.895020, 770.315735, 787.851379, 77.890137, 29.822422, 2, 3.813724, 1.661234, 2.670868, 2.937772, 0.390317, 2.683674, 157.123001, 0.988240, 2.568356, 0.667575, 3.265157
1763498964.467429, 241.370316, 550.238708, 784.093750, 791.609009, 76.521461, 30.491102, 2, 3.845478, 1.625760, 5.511119, 3.015215, 0.392410, 2.627393, 123.616318, 0.988240, 2.568356, 0.667575, 3.265157
1763498965.264098, 226.404358, 552.679199, 796.619202, 779.083557, 75.318298, 29.060343, 2, 3.866786, 1.703653, 3.379926, 3.080356, 0.385714, 2.752377, 155.915115, 0.988240, 2.568356, 0.667575, 3.265157
1763498966.048228, 233.887360, 558.974243, 784.093750, 792.861572, 76.521461, 29.499140, 2, 3.711097, 1.678961, 3.213221, 2.909848, 0.392688, 2.712199, 160.249207, 0.988240, 2.568356, 0.667575, 3.265157
1763498966.822338, 222.128372, 538.166992, 774.073364, 760.295349, 77.512032, 29.216063, 2, 3.755923, 1.694806, 2.405926, 2.907360, 0.376464, 2.737921, 167.648926, 0.988240, 2.568356, 0.667575, 3.265157
1763498967.582670, 217.852371, 537.432861, 760.295349, 755.285217, 78.916702, 28.843721, 2, 3.864892, 1.716120, 2.717571, 2.938459, 0.373861, 2.772859, 173.598129, 0.988240, 2.568356, 0.667575, 3.265157
1763498968.340509, 211.438385, 538.836670, 757.790222, 750.275024, 79.177582, 28.181452, 2, 3.925063, 1.755423, 3.117271, 2.974375, 0.371164, 2.838296, 173.752640, 0.988240, 2.568356, 0.667575, 3.265157
1763498969.108356, 225.335358, 558.758423, 767.810608, 784.093750, 78.144272, 28.738317, 2, 3.902313, 1.722254, 4.242223, 2.996237, 0.388085, 2.782986, 137.502716, 0.988240, 2.568356, 0.667575, 3.265157
1763498969.884971, 224.266357, 551.059570, 776.578430, 775.325928, 77.261993, 28.925430, 2, 3.954195, 1.711396, 3.183599, 3.070742, 0.383808, 2.765082, 166.211349, 0.988240, 2.568356, 0.667575, 3.265157
1763498970.646555, 243.508316, 540.585449, 761.547852, 784.093750, 78.786911, 31.056019, 2, 3.830198, 1.596981, 3.529145, 2.916879, 0.388878, 2.582520, 149.577225, 0.988240, 2.568356, 0.667575, 3.265157
1763498971.435697, 239.232315, 544.861450, 789.103943, 784.093750, 76.035614, 30.510679, 2, 3.623464, 1.624745, 2.033967, 2.859290, 0.388691, 2.625798, 173.735321, 0.988240, 2.568356, 0.667575, 3.265157
1763498972.203556, 234.956345, 527.844055, 767.810608, 762.800415, 78.144272, 30.801811, 2, 3.805839, 1.609801, 3.701383, 2.922163, 0.378233, 2.602422, 124.334229, 0.988240, 2.568356, 0.667575, 3.265157
1763498972.981424, 234.956345, 542.874634, 777.830994, 777.830994, 77.137581, 30.206606, 2, 3.851975, 1.640661, 4.030255, 2.996186, 0.385484, 2.650903, 162.703659, 0.988240, 2.568356, 0.667575, 3.265157
1763498973.760544, 230.680344, 543.393005, 779.083557, 774.073364, 77.013565, 29.800838, 2, 3.835423, 1.662405, 3.146672, 2.988115, 0.383484, 2.685551, 165.774124, 0.988240, 2.568356, 0.667575, 3.265157
1763498974.520876, 234.956345, 530.349182, 760.295349, 765.305542, 78.916702, 30.700985, 2, 3.784847, 1.614944, 4.171690, 2.877602, 0.379441, 2.610446, 122.258804, 0.988240, 2.568356, 0.667575, 3.265157
1763498975.292481, 232.818344, 536.244812, 771.568237, 769.063171, 77.763702, 30.272982, 2, 3.925983, 1.637159, 4.721457, 3.029164, 0.381161, 2.645362, 111.558968, 0.988240, 2.568356, 0.667575, 3.265157
1763498976.080381, 227.473358, 554.115234, 787.851379, 781.588623, 76.156494, 29.103977, 2, 3.830797, 1.701164, 3.333703, 3.018099, 0.386970, 2.748304, 133.259613, 0.988240, 2.568356, 0.667575, 3.265157
1763498976.862007, 228.542343, 554.298828, 781.588623, 782.841187, 76.766724, 29.193958, 2, 3.719266, 1.696056, 4.395242, 2.906936, 0.387621, 2.739960, 124.757698, 0.988240, 2.568356, 0.667575, 3.265157
1763498977.646137, 237.094315, 557.019836, 784.093750, 794.114136, 76.521461, 29.856453, 2, 3.785586, 1.659390, 2.906225, 2.968254, 0.393432, 2.680722, 151.021912, 0.988240, 2.568356, 0.667575, 3.265157
1763498978.431520, 229.611359, 546.967041, 785.346252, 776.578430, 76.399422, 29.567055, 2, 3.668217, 1.675205, 3.075475, 2.880820, 0.384646, 2.706132, 117.058632, 0.988240, 2.568356, 0.667575, 3.265157
1763498979.228188, 240.301331, 568.843323, 796.619202, 809.144653, 75.318298, 29.698193, 2, 3.639868, 1.668000, 3.240556, 2.899589, 0.400823, 2.694530, 155.012177, 0.988240, 2.568356, 0.667575, 3.265157
1763498980.014824, 259.543274, 549.601379, 786.598816, 809.144653, 76.277763, 32.076252, 2, 3.169730, 1.547575, 5.742602, 2.493306, 0.401663, 2.507126, 109.554855, 0.988240, 2.568356, 0.667575, 3.265157
1763498980.808974, 234.956345, 530.349182, 794.114136, 765.305542, 75.555893, 30.700985, 2, 2.977257, 1.614944, 2.382317, 2.364282, 0.379441, 2.610446, 162.184067, 0.988240, 2.568356, 0.667575, 3.265157
1763498981.596874, 241.370316, 553.996338, 787.851379, 795.366638, 76.156494, 30.347050, 2, 3.153826, 1.633270, 0.815905, 2.484746, 0.394223, 2.639219, 92.464607, 0.988240, 2.568356, 0.667575, 3.265157
1763498982.369733, 229.611359, 529.431396, 772.820801, 759.042786, 77.637665, 30.250120, 2, 3.532404, 1.638363, 3.988237, 2.729915, 0.376187, 2.647267, 152.116928, 0.988240, 2.568356, 0.667575, 3.265157
1763498983.155116, 226.404358, 555.184265, 785.346252, 781.588623, 76.399422, 28.967201, 2, 3.779596, 1.708991, 3.276192, 2.968292, 0.386923, 2.761130, 198.110336, 0.988240, 2.568356, 0.667575, 3.265157
1763498983.931731, 225.335358, 549.990601, 776.578430, 775.325928, 77.261993, 29.063309, 2, 3.805658, 1.703484, 3.884725, 2.955392, 0.383855, 2.752100, 138.215195, 0.988240, 2.568356, 0.667575, 3.265157
1763498984.704600, 224.266357, 547.301880, 772.820801, 771.568237, 77.637665, 29.066303, 2, 4.055974, 1.703313, 3.889447, 3.134542, 0.381996, 2.751819, 120.252136, 0.988240, 2.568356, 0.667575, 3.265157
1763498985.476205, 227.473358, 547.852539, 771.568237, 775.325928, 77.763702, 29.339064, 2, 4.039469, 1.687883, 3.789771, 3.116726, 0.383948, 2.726657, 124.582016, 0.988240, 2.568356, 0.667575, 3.265157
1763498986.264093, 223.197357, 559.643799, 787.851379, 782.841187, 76.156494, 28.511194, 2, 3.955081, 1.735626, 2.770913, 3.116016, 0.387387, 2.805171, 168.098709, 0.988240, 2.568356, 0.667575, 3.265157
1763498987.048223, 224.266357, 561.079895, 784.093750, 785.346252, 76.521461, 28.556368, 2, 3.900749, 1.732949, 3.841601, 3.058553, 0.388642, 2.800718, 135.779144, 0.988240, 2.568356, 0.667575, 3.265157
1763498987.824851, 222.128372, 551.945007, 776.578430, 774.073364, 77.261993, 28.696037, 2, 3.910881, 1.724727, 3.760960, 3.037106, 0.383111, 2.787077, 139.972580, 0.988240, 2.568356, 0.667575, 3.265157
1763498988.602719, 225.335358, 556.253296, 777.830994, 781.588623, 77.137581, 28.830429, 2, 3.432312, 1.716891, 4.476842, 2.669759, 0.386876, 2.774130, 207.300308, 0.988240, 2.568356, 0.667575, 3.265157
1763498989.365556, 225.335358, 537.465088, 762.800415, 762.800415, 78.657532, 29.540539, 2, 3.549485, 1.676669, 5.207849, 2.707549, 0.377813, 2.708496, 128.185699, 0.988240, 2.568356, 0.667575, 3.265157
1763498990.135908, 234.956345, 546.632263, 770.315735, 781.588623, 77.890137, 30.061382, 2, 3.943769, 1.648376, 4.851014, 3.037947, 0.387296, 2.663150, 113.647430, 0.988240, 2.568356, 0.667575, 3.265157
1763498990.938827, 234.956345, 567.925598, 802.881958, 802.881958, 74.730789, 29.264120, 2, 3.770720, 1.692094, 1.681891, 3.027443, 0.397568, 2.733504, 143.483078, 0.988240, 2.568356, 0.667575, 3.265157
1763498991.699171, 239.232315, 526.073242, 760.295349, 765.305542, 78.916702, 31.259712, 2, 3.760904, 1.586859, 5.110312, 2.859398, 0.379628, 2.566906, 106.220505, 0.988240, 2.568356, 0.667575, 3.265157
1763498992.487059, 222.128372, 545.682251, 787.851379, 767.810608, 76.156494, 28.930101, 2, 3.644459, 1.711126, 1.403484, 2.871292, 0.380090, 2.764639, 143.705399, 0.988240, 2.568356, 0.667575, 3.265157
1763498993.263675, 226.404358, 555.184265, 776.578430, 781.588623, 77.261993, 28.967201, 2, 3.485455, 1.708991, 1.055909, 2.706729, 0.386923, 2.761130, 111.096092, 0.988240, 2.568356, 0.667575, 3.265157
1763498994.049058, 228.542343, 559.309021, 785.346252, 787.851379, 76.399422, 29.008305, 2, 3.457076, 1.706631, 1.483904, 2.715002, 0.390037, 2.757257, 182.339951, 0.988240, 2.568356, 0.667575, 3.265157
1763498994.796876, 245.646317, 522.164307, 747.769897, 767.810608, 80.238586, 31.993088, 2, 3.521436, 1.551485, 3.636346, 2.633224, 0.381117, 2.513016, 115.661308, 0.988240, 2.568356, 0.667575, 3.265157
1763498995.584764, 243.508316, 541.837952, 787.851379, 785.346252, 76.156494, 31.006491, 2, 3.627788, 1.599462, 6.382860, 2.858158, 0.389482, 2.586362, 99.851791, 0.988240, 2.568356, 0.667575, 3.265157
1763498996.358874, 238.163330, 529.647278, 774.073364, 767.810608, 77.512032, 31.018499, 2, 3.806429, 1.598860, 3.690316, 2.946455, 0.380790, 2.585429, 161.160416, 0.988240, 2.568356, 0.667575, 3.265157
1763498997.135489, 244.577332, 539.516418, 776.578430, 784.093750, 77.261993, 31.192360, 2, 3.675013, 1.590192, 4.852637, 2.853935, 0.388925, 2.572037, 95.084351, 0.988240, 2.568356, 0.667575, 3.265157
1763498997.934662, 245.646317, 554.730530, 799.124329, 800.376831, 75.082184, 30.691332, 2, 3.530810, 1.615438, 2.872839, 2.821556, 0.396826, 2.611218, 117.773262, 0.988240, 2.568356, 0.667575, 3.265157
1763498998.710026, 249.922318, 530.413818, 775.325928, 780.336121, 77.386810, 32.027523, 2, 3.629068, 1.549863, 4.377055, 2.813710, 0.387345, 2.510572, 102.283470, 0.988240, 2.568356, 0.667575, 3.265157
1763498999.514197, 240.301331, 552.560242, 804.134460, 792.861572, 74.614388, 30.308107, 2, 3.518833, 1.635312, 6.539015, 2.829614, 0.392968, 2.642443, 112.018799, 0.988240, 2.568356, 0.667575, 3.265157
1763499000.293317, 238.163330, 538.415100, 779.083557, 776.578430, 77.013565, 30.668291, 2, 3.924887, 1.616619, 5.574312, 3.057815, 0.385019, 2.613065, 109.836357, 0.988240, 2.568356, 0.667575, 3.265157
1763499001.094995, 224.266357, 561.079895, 801.629395, 785.346252, 74.847557, 28.556368, 2, 3.827118, 1.732949, 1.178863, 3.067930, 0.388642, 2.800718, 178.458069, 0.988240, 2.568356, 0.667575, 3.265157
1763499001.880378, 238.163330, 563.466064, 785.346252, 801.629395, 76.399422, 29.709906, 2, 3.752132, 1.667360, 3.470490, 2.946723, 0.397104, 2.693501, 128.749039, 0.988240, 2.568356, 0.667575, 3.265157
1763499002.669518, 234.956345, 550.389893, 789.103943, 785.346252, 76.035614, 29.917547, 2, 3.761079, 1.656091, 3.166482, 2.967882, 0.389109, 2.675448, 145.488739, 0.988240, 2.568356, 0.667575, 3.265157
1763499003.463681, 215.714386, 555.853882, 794.114136, 771.568237, 75.555893, 27.957912, 2, 3.875834, 1.769110, 1.840960, 3.077854, 0.381622, 2.861391, 169.929504, 0.988240, 2.568356, 0.667575, 3.265157
1763499004.259085, 224.266357, 581.120667, 795.366638, 805.387024, 75.436905, 27.845787, 2, 3.801111, 1.776057, 1.302148, 3.023277, 0.398310, 2.873176, 186.789566, 0.988240, 2.568356, 0.667575, 3.265157
1763499005.043216, 238.163330, 562.213501, 784.093750, 800.376831, 76.521461, 29.756399, 2, 3.700560, 1.664823, 4.352671, 2.901586, 0.396500, 2.689427, 129.422989, 0.988240, 2.568356, 0.667575, 3.265157
1763499005.823588, 227.473358, 540.337280, 780.336121, 767.810608, 76.889946, 29.626232, 2, 3.684517, 1.671946, 3.856762, 2.875162, 0.380323, 2.700879, 126.524185, 0.988240, 2.568356, 0.667575, 3.265157
1763499006.585185, 246.715332, 537.378418, 761.547852, 784.093750, 78.786911, 31.465031, 2, 3.804755, 1.576789, 5.623006, 2.897503, 0.389018, 2.551457, 114.348145, 0.988240, 2.568356, 0.667575, 3.265157
1763499007.381841, 224.266357, 546.049377, 796.619202, 770.315735, 75.318298, 29.113564, 2, 3.781759, 1.700619, 2.138070, 3.012622, 0.381392, 2.747411, 205.008652, 0.988240, 2.568356, 0.667575, 3.265157
1763499008.157203, 221.059372, 550.508850, 775.325928, 771.568237, 77.386810, 28.650656, 2, 3.850035, 1.727390, 4.154757, 2.985032, 0.381856, 2.791489, 131.708557, 0.988240, 2.568356, 0.667575, 3.265157
1763499008.935071, 230.680344, 558.423584, 777.830994, 789.103943, 77.137581, 29.233202, 2, 3.910161, 1.693838, 2.786776, 3.041444, 0.390735, 2.736343, 158.711349, 0.988240, 2.568356, 0.667575, 3.265157
1763499009.714204, 238.163330, 549.688049, 779.083557, 787.851379, 77.013565, 30.229473, 2, 3.789823, 1.639453, 4.201276, 2.952589, 0.390457, 2.648991, 126.602310, 0.988240, 2.568356, 0.667575, 3.265157
1763499010.493324, 222.128372, 538.166992, 779.083557, 760.295349, 77.013565, 29.216063, 2, 3.757291, 1.694806, 3.307290, 2.927243, 0.376464, 2.737921, 162.987778, 0.988240, 2.568356, 0.667575, 3.265157
1763499011.286222, 218.921371, 570.182556, 792.861572, 789.103943, 75.675255, 27.743032, 2, 3.743132, 1.782474, 1.909464, 2.967786, 0.390222, 2.884096, 195.499908, 0.988240, 2.568356, 0.667575, 3.265157
1763499012.052817, 233.887360, 550.206421, 766.558044, 784.093750, 78.271957, 29.829004, 2, 3.836627, 1.660877, 4.368386, 2.940997, 0.388458, 2.683102, 112.176880, 0.988240, 2.568356, 0.667575, 3.265157
1763499012.854495, 236.025330, 568.109131, 801.629395, 804.134460, 74.847557, 29.351477, 2, 3.662842, 1.687188, 5.017240, 2.936242, 0.398219, 2.725528, 116.835464, 0.988240, 2.568356, 0.667575, 3.265157
1763499013.633615, 236.025330, 543.058228, 779.083557, 779.083557, 77.013565, 30.295254, 2, 3.835895, 1.635988, 4.589245, 2.988482, 0.386135, 2.643510, 117.854065, 0.988240, 2.568356, 0.667575, 3.265157
1763499014.435281, 239.232315, 566.154724, 801.629395, 805.387024, 74.847557, 29.704020, 2, 3.868992, 1.667682, 5.412439, 3.101498, 0.398963, 2.694018, 109.948944, 0.988240, 2.568356, 0.667575, 3.265157
1763499015.216907, 218.921371, 538.868835, 781.588623, 757.790222, 76.766724, 28.889442, 2, 3.865731, 1.713473, 1.884342, 3.021412, 0.375116, 2.768500, 174.192932, 0.988240, 2.568356, 0.667575, 3.265157
1763499015.958463, 222.128372, 523.136475, 741.507202, 745.264832, 80.916275, 29.805294, 2, 3.903098, 1.662163, 3.804711, 2.894176, 0.369214, 2.685163, 203.000809, 0.988240, 2.568356, 0.667575, 3.265157
1763499016.728816, 223.197357, 548.370850, 770.315735, 771.568237, 77.890137, 28.927752, 2, 3.825059, 1.711262, 3.805449, 2.946503, 0.381949, 2.764862, 175.411728, 0.988240, 2.568356, 0.667575, 3.265157
1763499017.507936, 218.921371, 555.151978, 779.083557, 774.073364, 77.013565, 28.281733, 2, 3.891725, 1.749354, 3.145676, 3.031979, 0.382971, 2.828105, 134.028961, 0.988240, 2.568356, 0.667575, 3.265157
1763499018.293318, 228.542343, 568.076843, 785.346252, 796.619202, 76.399422, 28.689034, 2, 3.880157, 1.725138, 5.438926, 3.047266, 0.394267, 2.787757, 113.802284, 0.988240, 2.568356, 0.667575, 3.265157
1763499019.068681, 241.370316, 548.986145, 775.325928, 790.356445, 77.386810, 30.539427, 2, 3.936721, 1.623256, 4.173830, 3.052242, 0.391806, 2.623462, 115.778191, 0.988240, 2.568356, 0.667575, 3.265157
1763499019.829025, 254.198318, 521.127625, 760.295349, 775.325928, 78.916702, 32.785995, 2, 3.900932, 1.515019, 8.121068, 2.965861, 0.385115, 2.458578, 107.044487, 0.988240, 2.568356, 0.667575, 3.265157
1763499020.640712, 224.266357, 552.312073, 811.649780, 776.578430, 73.923508, 28.878778, 2, 3.564570, 1.714090, 2.254309, 2.893182, 0.384413, 2.769515, 164.377914, 0.988240, 2.568356, 0.667575, 3.265157
1763499021.429853, 225.335358, 565.021118, 789.103943, 790.356445, 76.035614, 28.510601, 2, 3.614514, 1.735661, 2.297950, 2.852227, 0.391106, 2.805230, 167.488922, 0.988240, 2.568356, 0.667575, 3.265157
1763499022.205228, 222.128372, 549.439880, 775.325928, 771.568237, 77.386810, 28.789207, 2, 3.705435, 1.719287, 2.674299, 2.872920, 0.381902, 2.778083, 168.952560, 0.988240, 2.568356, 0.667575, 3.265157
1763499022.965559, 240.301331, 541.287292, 760.295349, 781.588623, 78.916702, 30.745243, 2, 3.768121, 1.612682, 5.630531, 2.864885, 0.387530, 2.606915, 111.689896, 0.988240, 2.568356, 0.667575, 3.265157
1763499023.738417, 234.956345, 531.601685, 772.820801, 766.558044, 77.637665, 30.650822, 2, 3.793297, 1.617516, 5.823502, 2.931539, 0.380046, 2.614467, 103.184456, 0.988240, 2.568356, 0.667575, 3.265157
1763499024.523800, 225.335358, 548.738037, 785.346252, 774.073364, 76.399422, 29.110336, 2, 3.641494, 1.700802, 2.959420, 2.859834, 0.383251, 2.747712, 150.620041, 0.988240, 2.568356, 0.667575, 3.265157
1763499025.287889, 223.197357, 538.350464, 764.052979, 761.547852, 78.528587, 29.308382, 2, 3.361784, 1.689604, 5.959034, 2.568581, 0.377115, 2.729454, 128.402252, 0.988240, 2.568356, 0.667575, 3.265157
1763499026.060760, 231.749359, 551.091797, 772.820801, 782.841187, 77.637665, 29.603624, 2, 3.357473, 1.673189, 3.805522, 2.594725, 0.387761, 2.702882, 123.036903, 0.988240, 2.568356, 0.667575, 3.265157
1763499026.834870, 238.163330, 543.425293, 774.073364, 781.588623, 77.512032, 30.471697, 2, 3.828265, 1.626767, 5.411222, 2.963358, 0.387436, 2.628977, 105.199028, 0.988240, 2.568356, 0.667575, 3.265157
1763499027.621505, 233.887360, 547.701294, 786.598816, 781.588623, 76.277763, 29.924610, 2, 3.765523, 1.655710, 4.161066, 2.961956, 0.387250, 2.674840, 126.662567, 0.988240, 2.568356, 0.667575, 3.265157
1763499028.388100, 231.749359, 532.303589, 766.558044, 764.052979, 78.271957, 30.331581, 2, 3.749843, 1.634081, 4.167005, 2.874472, 0.378697, 2.640498, 149.648102, 0.988240, 2.568356, 0.667575, 3.265157
1763499029.159705, 219.990372, 537.799866, 771.568237, 757.790222, 77.763702, 29.030510, 2, 3.768488, 1.705359, 3.670543, 2.907645, 0.375163, 2.755172, 131.558777, 0.988240, 2.568356, 0.667575, 3.265157
1763499029.931322, 225.335358, 552.495605, 771.568237, 777.830994, 77.763702, 28.969707, 2, 3.763381, 1.708847, 2.523457, 2.903706, 0.385064, 2.760893, 177.030396, 0.988240, 2.568356, 0.667575, 3.265157
1763499030.690401, 230.680344, 534.625183, 759.042786, 765.305542, 79.046928, 30.142254, 2, 3.936490, 1.644070, 4.830282, 2.987964, 0.379255, 2.656310, 113.680000, 0.988240, 2.568356, 0.667575, 3.265157
1763499031.464512, 232.818344, 543.760071, 774.073364, 776.578430, 77.512032, 29.980015, 2, 3.935114, 1.652731, 2.880254, 3.046067, 0.384786, 2.670086, 141.210220, 0.988240, 2.568356, 0.667575, 3.265157
1763499032.243632, 227.473358, 545.347412, 779.083557, 772.820801, 77.013565, 29.434166, 2, 3.897039, 1.682571, 3.938547, 3.036119, 0.382740, 2.718040, 129.198944, 0.988240, 2.568356, 0.667575, 3.265157
1763499033.032785, 228.542343, 561.814087, 789.103943, 790.356445, 76.035614, 28.916365, 2, 3.749250, 1.711918, 3.074479, 2.958548, 0.391246, 2.765941, 191.755173, 0.988240, 2.568356, 0.667575, 3.265157
1763499033.809400, 233.887360, 548.953857, 776.578430, 782.841187, 77.261993, 29.876732, 2, 3.754776, 1.658293, 4.091012, 2.915878, 0.387854, 2.678968, 148.501694, 0.988240, 2.568356, 0.667575, 3.265157
1763499034.584762, 225.335358, 539.970215, 775.325928, 765.305542, 77.386810, 29.443842, 2, 3.798967, 1.682032, 4.243588, 2.945437, 0.379021, 2.717168, 121.957222, 0.988240, 2.568356, 0.667575, 3.265157
1763499035.357620, 228.542343, 548.036072, 772.820801, 776.578430, 77.637665, 29.429398, 2, 3.848991, 1.682836, 4.443936, 2.974580, 0.384599, 2.718471, 112.152969, 0.988240, 2.568356, 0.667575, 3.265157
1763499036.132982, 237.094315, 548.251953, 775.325928, 785.346252, 77.386810, 30.189783, 2, 3.823806, 1.641551, 4.329578, 2.964696, 0.389202, 2.652314, 114.130089, 0.988240, 2.568356, 0.667575, 3.265157
1763499036.919631, 231.749359, 548.586792, 786.598816, 780.336121, 76.277763, 29.698658, 2, 3.793722, 1.667975, 4.176190, 2.984137, 0.386552, 2.694489, 129.703949, 0.988240, 2.568356, 0.667575, 3.265157
1763499037.683720, 223.197357, 530.835327, 764.052979, 754.032654, 78.528587, 29.600489, 2, 3.818441, 1.673362, 4.735254, 2.917491, 0.373490, 2.703161, 112.090332, 0.988240, 2.568356, 0.667575, 3.265157
1763499038.474113, 231.749359, 568.627441, 790.356445, 800.376831, 75.915115, 28.955030, 2, 3.727959, 1.709691, 2.620809, 2.946416, 0.396220, 2.762280, 165.907364, 0.988240, 2.568356, 0.667575, 3.265157
1763499039.243213, 234.956345, 537.864441, 769.063171, 772.820801, 78.016998, 30.402437, 2, 3.810031, 1.630374, 4.069321, 2.930155, 0.383067, 2.634653, 107.399811, 0.988240, 2.568356, 0.667575, 3.265157
1763499040.013577, 232.818344, 534.992249, 770.315735, 767.810608, 77.890137, 30.322367, 2, 3.858540, 1.634564, 4.176818, 2.972294, 0.380556, 2.641261, 120.070206, 0.988240, 2.568356, 0.667575, 3.265157
1763499040.792698, 227.473358, 545.347412, 779.083557, 772.820801, 77.013565, 29.434166, 2, 3.837863, 1.682571, 1.506591, 2.990016, 0.382740, 2.718040, 206.178116, 0.988240, 2.568356, 0.667575, 3.265157
1763499041.563050, 234.956345, 544.127197, 770.315735, 779.083557, 77.890137, 30.158043, 2, 3.689996, 1.643232, 1.160713, 2.842462, 0.386088, 2.654980, 173.208755, 0.988240, 2.568356, 0.667575, 3.265157
1763499042.335908, 238.163330, 538.415100, 772.820801, 776.578430, 77.637665, 30.668291, 2, 3.678883, 1.616619, 3.678806, 2.843117, 0.385019, 2.613065, 176.119156, 0.988240, 2.568356, 0.667575, 3.265157
1763499043.111271, 233.887360, 536.428345, 775.325928, 770.315735, 77.386810, 30.362532, 2, 3.771640, 1.632459, 3.136380, 2.924250, 0.381812, 2.637940, 175.600967, 0.988240, 2.568356, 0.667575, 3.265157
1763499043.875372, 231.749359, 529.798462, 764.052979, 761.547852, 78.528587, 30.431360, 2, 3.759257, 1.628866, 2.186543, 2.872272, 0.377489, 2.632278, 185.187607, 0.988240, 2.568356, 0.667575, 3.265157
1763499044.640715, 239.232315, 534.841064, 765.305542, 774.073364, 78.400063, 30.905638, 2, 3.671223, 1.604539, 2.835249, 2.809608, 0.383858, 2.594237, 160.184296, 0.988240, 2.568356, 0.667575, 3.265157
1763499045.432360, 236.025330, 551.826050, 791.609009, 787.851379, 75.794991, 29.958101, 2, 3.555601, 1.653908, 2.269471, 2.814646, 0.390364, 2.671963, 162.287460, 0.988240, 2.568356, 0.667575, 3.265157
1763499046.195197, 233.887360, 526.407959, 762.800415, 760.295349, 78.657532, 30.762695, 2, 3.556356, 1.611792, 2.759920, 2.712790, 0.376978, 2.605526, 167.091797, 0.988240, 2.568356, 0.667575, 3.265157
1763499046.965549, 249.922318, 539.181641, 770.315735, 789.103943, 77.890137, 31.671661, 2, 3.629718, 1.566787, 3.219640, 2.796029, 0.391575, 2.536197, 138.664566, 0.988240, 2.568356, 0.667575, 3.265157
1763499047.754703, 245.646317, 538.447449, 789.103943, 784.093750, 76.035614, 31.328693, 2, 3.655095, 1.583462, 3.783315, 2.884250, 0.388972, 2.561683, 107.997406, 0.988240, 2.568356, 0.667575, 3.265157
1763499048.527560, 239.232315, 526.073242, 772.820801, 765.305542, 77.637665, 31.259712, 2, 3.509827, 1.586859, 2.431712, 2.712467, 0.379628, 2.566906, 121.152710, 0.988240, 2.568356, 0.667575, 3.265157
1763499049.297913, 253.129303, 533.469482, 770.315735, 786.598816, 77.890137, 32.180229, 2, 3.420630, 1.542716, 3.308839, 2.634965, 0.390507, 2.499823, 113.779716, 0.988240, 2.568356, 0.667575, 3.265157
1763499050.082043, 243.508316, 529.312500, 784.093750, 772.820801, 76.521461, 31.509027, 2, 3.508721, 1.574649, 3.396268, 2.751166, 0.383440, 2.548184, 133.596542, 0.988240, 2.568356, 0.667575, 3.265157
1763499050.859923, 242.439331, 534.139099, 777.830994, 776.578430, 77.137581, 31.218910, 2, 3.162095, 1.588876, 4.647826, 2.459575, 0.385206, 2.570010, 121.681046, 0.988240, 2.568356, 0.667575, 3.265157
1763499051.639043, 238.163330, 535.910034, 779.083557, 774.073364, 77.013565, 30.767540, 2, 3.211017, 1.611545, 4.218318, 2.501650, 0.383811, 2.605141, 93.032883, 0.988240, 2.568356, 0.667575, 3.265157
1763499052.431941, 245.646317, 555.983093, 792.861572, 801.629395, 75.675255, 30.643377, 2, 3.662015, 1.617898, 3.442933, 2.903471, 0.397431, 2.615065, 124.125648, 0.988240, 2.568356, 0.667575, 3.265157
1763499053.196032, 248.853302, 518.957275, 764.052979, 767.810608, 78.528587, 32.410767, 2, 3.074015, 1.532053, 5.596298, 2.348710, 0.381256, 2.483867, 101.479164, 0.988240, 2.568356, 0.667575, 3.265157
1763499053.968901, 245.646317, 523.416870, 772.820801, 769.063171, 77.637665, 31.940981, 2, 3.117746, 1.553944, 4.213338, 2.409459, 0.381721, 2.516729, 93.410561, 0.988240, 2.568356, 0.667575, 3.265157
1763499054.751779, 234.956345, 535.359375, 782.841187, 770.315735, 76.643898, 30.501303, 2, 3.638836, 1.625231, 2.567282, 2.848630, 0.381858, 2.626562, 126.170403, 0.988240, 2.568356, 0.667575, 3.265157
1763499055.553445, 232.818344, 566.305969, 801.629395, 799.124329, 74.847557, 29.134184, 2, 3.477294, 1.699446, 2.011796, 2.787501, 0.395662, 2.745495, 113.733192, 0.988240, 2.568356, 0.667575, 3.265157
1763499056.330060, 236.025330, 544.310791, 776.578430, 780.336121, 77.261993, 30.246624, 2, 3.660897, 1.638548, 2.460929, 2.842974, 0.386739, 2.647558, 155.629684, 0.988240, 2.568356, 0.667575, 3.265157
1763499057.106687, 234.956345, 540.369568, 776.578430, 775.325928, 77.261993, 30.304203, 2, 3.710598, 1.635517, 4.345957, 2.881570, 0.384275, 2.642767, 113.704269, 0.988240, 2.568356, 0.667575, 3.265157
1763499057.875787, 243.508316, 535.575256, 769.063171, 779.083557, 78.016998, 31.255737, 2, 3.788759, 1.587056, 4.044273, 2.913795, 0.386461, 2.567208, 118.728241, 0.988240, 2.568356, 0.667575, 3.265157
1763499058.644888, 227.473358, 522.801636, 769.063171, 750.275024, 78.016998, 30.318663, 2, 3.698771, 1.634758, 2.758223, 2.844589, 0.371864, 2.641568, 136.286880, 0.988240, 2.568356, 0.667575, 3.265157
1763499059.417745, 226.404358, 545.163879, 772.820801, 771.568237, 77.637665, 29.343399, 2, 3.621352, 1.687640, 0.736260, 2.798656, 0.382089, 2.726263, 135.670212, 0.988240, 2.568356, 0.667575, 3.265157
1763499060.195613, 237.094315, 553.262146, 777.830994, 790.356445, 77.137581, 29.998404, 2, 3.510670, 1.651745, 1.143523, 2.730708, 0.391619, 2.668514, 132.652802, 0.988240, 2.568356, 0.667575, 3.265157
1763499060.960967, 232.818344, 527.476990, 765.305542, 760.295349, 78.400063, 30.622091, 2, 3.750237, 1.618992, 4.390446, 2.870077, 0.376931, 2.616778, 113.463387, 0.988240, 2.568356, 0.667575, 3.265157
1763499061.756370, 241.370316, 564.016724, 795.366638, 805.387024, 75.436905, 29.969481, 2, 3.698136, 1.653297, 3.446807, 2.941374, 0.399057, 2.670988, 122.984962, 0.988240, 2.568356, 0.667575, 3.265157
1763499062.543005, 237.094315, 544.494324, 786.598816, 781.588623, 76.277763, 30.334923, 2, 3.734735, 1.633905, 3.830165, 2.937738, 0.387390, 2.640222, 142.673874, 0.988240, 2.568356, 0.667575, 3.265157
1763499063.324631, 234.956345, 544.127197, 781.588623, 779.083557, 76.766724, 30.158043, 2, 3.772134, 1.643232, 2.328568, 2.948257, 0.386088, 2.654980, 167.662430, 0.988240, 2.568356, 0.667575, 3.265157
1763499064.105016, 231.749359, 544.829102, 780.336121, 776.578430, 76.889946, 29.842365, 2, 3.683700, 1.660153, 3.078352, 2.874524, 0.384739, 2.681943, 155.230392, 0.988240, 2.568356, 0.667575, 3.265157
1763499064.889147, 231.749359, 552.344360, 784.093750, 784.093750, 76.521461, 29.556334, 2, 3.709080, 1.675797, 3.242179, 2.908266, 0.388365, 2.707088, 164.286438, 0.988240, 2.568356, 0.667575, 3.265157
1763499065.683297, 229.611359, 561.997681, 794.114136, 791.609009, 75.555893, 29.005653, 2, 3.608797, 1.706783, 2.083657, 2.865797, 0.391897, 2.757507, 178.918533, 0.988240, 2.568356, 0.667575, 3.265157
1763499066.454902, 231.749359, 542.323975, 771.568237, 774.073364, 77.763702, 29.938940, 2, 3.832630, 1.654939, 3.384205, 2.957135, 0.383531, 2.673608, 157.288010, 0.988240, 2.568356, 0.667575, 3.265157
1763499067.226519, 223.197357, 538.350464, 771.568237, 761.547852, 77.763702, 29.308382, 2, 3.878422, 1.689604, 1.257733, 2.992468, 0.377115, 2.729454, 149.474731, 0.988240, 2.568356, 0.667575, 3.265157
1763499068.011902, 222.128372, 561.965393, 785.346252, 784.093750, 76.399422, 28.329313, 2, 3.721290, 1.746489, 1.949637, 2.922501, 0.387945, 2.823306, 196.406631, 0.988240, 2.568356, 0.667575, 3.265157
1763499068.768476, 232.818344, 536.244812, 756.537720, 769.063171, 79.308670, 30.272982, 2, 3.808888, 1.637159, 3.598387, 2.881568, 0.381161, 2.645362, 149.450821, 0.988240, 2.568356, 0.667575, 3.265157
1763499069.545091, 227.473358, 542.842407, 776.578430, 770.315735, 77.261993, 29.529888, 2, 3.800002, 1.677258, 3.295706, 2.950999, 0.381532, 2.709447, 153.390335, 0.988240, 2.568356, 0.667575, 3.265157
1763499070.301667, 238.163330, 530.899841, 756.537720, 769.063171, 79.308670, 30.967981, 2, 3.909654, 1.601397, 5.516100, 2.957801, 0.381394, 2.589360, 101.745872, 0.988240, 2.568356, 0.667575, 3.265157
1763499071.090819, 228.542343, 549.288635, 789.103943, 777.830994, 76.035614, 29.382006, 2, 3.871245, 1.685480, 3.384684, 3.054815, 0.385204, 2.722756, 168.604553, 0.988240, 2.568356, 0.667575, 3.265157
1763499071.867434, 237.094315, 549.504517, 776.578430, 786.598816, 77.261993, 30.141708, 2, 3.787672, 1.644099, 4.924314, 2.941424, 0.389807, 2.656355, 122.924927, 0.988240, 2.568356, 0.667575, 3.265157
1763499072.649060, 224.266357, 542.291687, 781.588623, 766.558044, 76.766724, 29.256279, 2, 3.824624, 1.692536, 5.983197, 2.989282, 0.379579, 2.734223, 110.139198, 0.988240, 2.568356, 0.667575, 3.265157
1763499073.428180, 228.542343, 555.551392, 779.083557, 784.093750, 77.013565, 29.147324, 2, 3.914424, 1.698699, 4.283909, 3.049663, 0.388225, 2.744275, 131.078918, 0.988240, 2.568356, 0.667575, 3.265157
1763499074.204807, 231.749359, 548.586792, 776.578430, 780.336121, 77.261993, 29.698658, 2, 3.898347, 1.667975, 4.500894, 3.027373, 0.386552, 2.694489, 129.345261, 0.988240, 2.568356, 0.667575, 3.265157
1763499074.972655, 236.025330, 536.795471, 767.810608, 772.820801, 78.144272, 30.540758, 2, 3.863371, 1.623188, 5.440181, 2.966337, 0.383113, 2.623354, 112.847656, 0.988240, 2.568356, 0.667575, 3.265157
1763499075.749270, 228.542343, 539.268250, 776.578430, 767.810608, 77.261993, 29.765457, 2, 3.818892, 1.664330, 4.944493, 2.965669, 0.380370, 2.688636, 110.291862, 0.988240, 2.568356, 0.667575, 3.265157
1763499076.535906, 232.818344, 558.790649, 786.598816, 791.609009, 76.277763, 29.410774, 2, 3.828969, 1.683874, 5.130270, 3.011863, 0.392037, 2.720152, 115.400612, 0.988240, 2.568356, 0.667575, 3.265157
1763499077.335079, 223.197357, 564.654053, 799.124329, 787.851379, 75.082184, 28.329882, 2, 3.913239, 1.746455, 3.552902, 3.127165, 0.389804, 2.823248, 157.578079, 0.988240, 2.568356, 0.667575, 3.265157
1763499078.112946, 218.921371, 553.899414, 777.830994, 772.820801, 77.137581, 28.327572, 2, 3.985212, 1.746593, 3.904498, 3.099822, 0.382367, 2.823481, 140.149643, 0.988240, 2.568356, 0.667575, 3.265157
1763499078.903339, 225.335358, 572.536377, 790.356445, 797.871765, 75.915115, 28.242052, 2, 3.996428, 1.751750, 2.812746, 3.158602, 0.394731, 2.832125, 183.416367, 0.988240, 2.568356, 0.667575, 3.265157
1763499079.691239, 226.404358, 562.699585, 787.851379, 789.103943, 76.156494, 28.691322, 2, 3.869800, 1.725004, 2.647332, 3.048827, 0.390548, 2.787535, 195.245407, 0.988240, 2.568356, 0.667575, 3.265157
1763499080.464098, 240.301331, 548.802612, 772.820801, 789.103943, 77.637665, 30.452431, 2, 3.795531, 1.627769, 3.594809, 2.933265, 0.391155, 2.630552, 157.698242, 0.988240, 2.568356, 0.667575, 3.265157
1763499081.245723, 231.749359, 539.818848, 781.588623, 771.568237, 76.766724, 30.036146, 2, 3.549240, 1.649724, 5.191654, 2.774045, 0.382322, 2.665296, 120.945335, 0.988240, 2.568356, 0.667575, 3.265157
1763499082.032358, 214.645386, 551.912659, 786.598816, 766.558044, 76.277763, 28.001192, 2, 3.742614, 1.766443, 2.751583, 2.943936, 0.379159, 2.856878, 163.788315, 0.988240, 2.568356, 0.667575, 3.265157
1763499082.788933, 219.990372, 542.810059, 756.537720, 762.800415, 79.308670, 28.839832, 2, 4.012019, 1.716346, 3.966620, 3.035244, 0.377580, 2.773231, 120.209320, 0.988240, 2.568356, 0.667575, 3.265157
1763499083.570570, 215.714386, 560.864014, 781.588623, 776.578430, 76.766724, 27.777540, 2, 4.120717, 1.780314, 3.765018, 3.220705, 0.384039, 2.880416, 134.737503, 0.988240, 2.568356, 0.667575, 3.265157
1763499084.347185, 223.197357, 562.148926, 776.578430, 785.346252, 77.261993, 28.420248, 2, 4.051468, 1.741040, 3.986430, 3.146283, 0.388596, 2.814198, 140.898438, 0.988240, 2.568356, 0.667575, 3.265157
1763499085.136325, 218.921371, 565.172363, 789.103943, 784.093750, 76.035614, 27.920305, 2, 4.083222, 1.771434, 2.270799, 3.222086, 0.387805, 2.865329, 235.569443, 0.988240, 2.568356, 0.667575, 3.265157
1763499085.919203, 228.542343, 565.571777, 782.841187, 794.114136, 76.643898, 28.779533, 2, 3.898071, 1.719850, 3.195440, 3.051571, 0.393059, 2.779013, 198.905106, 0.988240, 2.568356, 0.667575, 3.265157
1763499086.688316, 239.232315, 542.356323, 769.063171, 781.588623, 78.016998, 30.608469, 2, 3.726893, 1.619693, 3.519959, 2.866216, 0.387483, 2.617876, 150.085800, 0.988240, 2.568356, 0.667575, 3.265157
1763499087.461173, 236.025330, 533.037842, 772.820801, 769.063171, 77.637665, 30.689980, 2, 3.769393, 1.615508, 4.531549, 2.913065, 0.381301, 2.611327, 123.622841, 0.988240, 2.568356, 0.667575, 3.265157
1763499088.240294, 247.784317, 545.077271, 779.083557, 792.861572, 77.013565, 31.251902, 2, 3.954711, 1.587245, 5.445825, 3.081050, 0.393294, 2.567499, 122.388481, 0.988240, 2.568356, 0.667575, 3.265157
1763499089.048222, 225.335358, 556.253296, 807.892151, 781.588623, 74.267342, 28.830429, 2, 3.776429, 1.716891, 2.102545, 3.050947, 0.386876, 2.774130, 214.907196, 0.988240, 2.568356, 0.667575, 3.265157
1763499089.821092, 221.059372, 546.751221, 772.820801, 767.810608, 77.637665, 28.790873, 2, 4.024186, 1.719190, 3.925304, 3.109975, 0.380043, 2.777923, 148.026306, 0.988240, 2.568356, 0.667575, 3.265157
1763499090.602717, 218.921371, 560.162170, 781.588623, 779.083557, 76.766724, 28.099859, 2, 4.194778, 1.760394, 3.172089, 3.278591, 0.385388, 2.846665, 168.481262, 0.988240, 2.568356, 0.667575, 3.265157
1763499091.394363, 208.231384, 570.852173, 791.609009, 779.083557, 75.794991, 26.727734, 2, 4.232942, 1.848526, 0.324939, 3.350835, 0.384921, 2.998542, 195.337662, 0.988240, 2.568356, 0.667575, 3.265157
1763499092.164716, 223.197357, 564.654053, 770.315735, 787.851379, 77.890137, 28.329882, 2, 4.242588, 1.746455, 6.099548, 3.268132, 0.389804, 2.823248, 134.602661, 0.988240, 2.568356, 0.667575, 3.265157
1763499092.945101, 233.887360, 558.974243, 780.336121, 792.861572, 76.889946, 29.499140, 2, 4.203450, 1.678961, 4.234808, 3.280104, 0.392688, 2.712199, 110.997940, 0.988240, 2.568356, 0.667575, 3.265157
1763499093.743009, 212.507385, 560.313416, 797.871765, 772.820801, 75.200058, 27.497629, 2, 4.158126, 1.797992, 2.475943, 3.317652, 0.382087, 2.910651, 189.317886, 0.988240, 2.568356, 0.667575, 3.265157
1763499094.513361, 221.059372, 559.276733, 770.315735, 780.336121, 77.890137, 28.328737, 2, 4.133047, 1.746523, 4.749826, 3.183751, 0.386085, 2.823364, 128.371307, 0.988240, 2.568356, 0.667575, 3.265157
1763499095.306259, 221.059372, 571.802185, 792.861572, 792.861572, 75.675255, 27.881205, 2, 4.073274, 1.773857, 2.556916, 3.229542, 0.392128, 2.869439, 194.466049, 0.988240, 2.568356, 0.667575, 3.265157
1763499096.101675, 225.335358, 575.041504, 795.366638, 800.376831, 75.436905, 28.153658, 2, 3.968295, 1.757113, 3.464772, 3.156250, 0.395940, 2.841139, 130.184143, 0.988240, 2.568356, 0.667575, 3.265157
1763499096.892068, 234.956345, 566.673035, 790.356445, 801.629395, 75.915115, 29.309845, 2, 3.884104, 1.689522, 3.941830, 3.069826, 0.396964, 2.729321, 132.778366, 0.988240, 2.568356, 0.667575, 3.265157
1763499097.698745, 228.542343, 570.581970, 806.639587, 799.124329, 74.382660, 28.599098, 2, 3.659565, 1.730425, 3.113213, 2.951950, 0.395476, 2.796525, 186.471664, 0.988240, 2.568356, 0.667575, 3.265157
1763499098.480382, 222.128372, 551.945007, 781.588623, 774.073364, 76.766724, 28.696037, 2, 3.998420, 1.724727, 2.290867, 3.125120, 0.383111, 2.787077, 212.446609, 0.988240, 2.568356, 0.667575, 3.265157
1763499099.254492, 236.025330, 554.331116, 774.073364, 790.356445, 77.512032, 29.863150, 2, 4.038440, 1.659028, 4.535570, 3.126049, 0.391573, 2.680143, 121.832176, 0.988240, 2.568356, 0.667575, 3.265157
1763499100.063673, 218.921371, 570.182556, 809.144653, 789.103943, 74.152374, 27.743032, 2, 4.009874, 1.782474, 1.178752, 3.244568, 0.390222, 2.884096, 232.017410, 0.988240, 2.568356, 0.667575, 3.265157
1763499100.849069, 218.921371, 566.424866, 785.346252, 785.346252, 76.399422, 27.875778, 2, 4.139060, 1.774194, 1.183068, 3.250595, 0.388409, 2.870011, 198.579361, 0.988240, 2.568356, 0.667575, 3.265157
1763499101.610653, 243.508316, 546.848145, 761.547852, 790.356445, 78.786911, 30.809937, 2, 4.145671, 1.609388, 6.453062, 3.157127, 0.391899, 2.601779, 127.440033, 0.988240, 2.568356, 0.667575, 3.265157
1763499102.416077, 232.818344, 560.043213, 805.387024, 792.861572, 74.498344, 29.364311, 2, 3.701505, 1.686470, 6.051038, 2.981144, 0.392641, 2.724362, 115.291504, 0.988240, 2.568356, 0.667575, 3.265157
1763499103.207723, 225.335358, 557.505859, 791.609009, 782.841187, 75.794991, 28.784298, 2, 3.864693, 1.719573, 4.805898, 3.059325, 0.387481, 2.778555, 124.862701, 0.988240, 2.568356, 0.667575, 3.265157
1763499103.999381, 222.128372, 565.723022, 791.609009, 787.851379, 75.794991, 28.194199, 2, 3.915759, 1.754649, 2.095573, 3.099750, 0.389757, 2.836995, 189.275345, 0.988240, 2.568356, 0.667575, 3.265157
1763499104.782259, 225.335358, 561.263428, 782.841187, 786.598816, 76.643898, 28.646797, 2, 3.958319, 1.727617, 4.912547, 3.098735, 0.389293, 2.791865, 134.755524, 0.988240, 2.568356, 0.667575, 3.265157
1763499105.561379, 239.232315, 556.134338, 779.083557, 795.366638, 77.013565, 30.078243, 2, 3.927568, 1.647476, 9.659111, 3.059904, 0.394130, 2.661720, 113.438850, 0.988240, 2.568356, 0.667575, 3.265157
1763499106.360540, 219.990372, 556.588074, 799.124329, 776.578430, 75.082184, 28.328159, 2, 3.885147, 1.746558, 4.506428, 3.104715, 0.384226, 2.823422, 127.459290, 0.988240, 2.568356, 0.667575, 3.265157
1763499107.118379, 249.922318, 542.939270, 757.790222, 792.861572, 79.177582, 31.521559, 2, 4.234311, 1.574040, 9.532728, 3.208719, 0.393388, 2.547254, 111.614738, 0.988240, 2.568356, 0.667575, 3.265157
1763499107.913783, 232.818344, 542.507568, 795.366638, 775.325928, 75.436905, 30.028448, 2, 4.071957, 1.650136, 6.890463, 3.238699, 0.384182, 2.665951, 125.674583, 0.988240, 2.568356, 0.667575, 3.265157
1763499108.686640, 223.197357, 538.350464, 772.820801, 761.547852, 77.637665, 29.308382, 2, 4.158636, 1.689604, 5.226036, 3.213880, 0.377115, 2.729454, 133.378021, 0.988240, 2.568356, 0.667575, 3.265157
1763499109.480791, 214.645386, 569.448364, 794.114136, 784.093750, 75.555893, 27.374966, 2, 4.137712, 1.805853, 1.991138, 3.285816, 0.387618, 2.924180, 235.229294, 0.988240, 2.568356, 0.667575, 3.265157
1763499110.239882, 218.921371, 545.131592, 759.042786, 764.052979, 79.046928, 28.652645, 2, 4.153677, 1.727273, 3.278442, 3.152819, 0.378137, 2.791295, 167.705612, 0.988240, 2.568356, 0.667575, 3.265157
1763499111.020255, 213.576385, 560.496948, 780.336121, 774.073364, 76.889946, 27.591234, 2, 4.058967, 1.792040, 3.227645, 3.167358, 0.382737, 2.900442, 179.235550, 0.988240, 2.568356, 0.667575, 3.265157
1763499111.796870, 218.921371, 563.919800, 776.578430, 782.841187, 77.261993, 27.964979, 2, 4.008400, 1.768674, 3.922537, 3.112837, 0.387200, 2.860653, 149.098022, 0.988240, 2.568356, 0.667575, 3.265157
1763499112.564717, 217.852371, 548.705688, 767.810608, 766.558044, 78.144272, 28.419554, 2, 4.024583, 1.741082, 3.129186, 3.090117, 0.379299, 2.814267, 181.506912, 0.988240, 2.568356, 0.667575, 3.265157
1763499113.352605, 224.266357, 571.100281, 787.851379, 795.366638, 76.156494, 28.196600, 2, 3.918364, 1.754504, 3.420209, 3.087088, 0.393476, 2.836750, 194.851318, 0.988240, 2.568356, 0.667575, 3.265157
1763499114.141759, 228.542343, 565.571777, 789.103943, 794.114136, 76.035614, 28.779533, 2, 3.851671, 1.719850, 2.680423, 3.039369, 0.393059, 2.779013, 196.249557, 0.988240, 2.568356, 0.667575, 3.265157
1763499114.917121, 233.887360, 547.701294, 775.325928, 781.588623, 77.386810, 29.924610, 2, 3.689269, 1.655710, 4.661659, 2.860386, 0.387250, 2.674840, 135.098206, 0.988240, 2.568356, 0.667575, 3.265157
1763499115.697494, 229.611359, 545.714600, 780.336121, 775.325928, 76.889946, 29.614819, 2, 3.768390, 1.672573, 4.979317, 2.940611, 0.384042, 2.701890, 132.241333, 0.988240, 2.568356, 0.667575, 3.265157
1763499116.490404, 224.266357, 562.332458, 792.861572, 786.598816, 75.675255, 28.510895, 2, 3.743986, 1.735644, 1.934549, 2.968463, 0.389247, 2.805201, 162.461929, 0.988240, 2.568356, 0.667575, 3.265157
1763499117.263262, 233.887360, 550.206421, 772.820801, 784.093750, 77.637665, 29.829004, 2, 3.795558, 1.660877, 4.206182, 2.933286, 0.388458, 2.683102, 125.225731, 0.988240, 2.568356, 0.667575, 3.265157
1763499118.048645, 221.059372, 549.256348, 785.346252, 770.315735, 76.399422, 28.697243, 2, 3.928663, 1.724657, 4.643879, 3.085361, 0.381252, 2.786960, 129.678207, 0.988240, 2.568356, 0.667575, 3.265157
1763499118.836532, 225.335358, 567.526245, 787.851379, 792.861572, 76.156494, 28.420517, 2, 3.988444, 1.741024, 4.523323, 3.142301, 0.392314, 2.814171, 125.011955, 0.988240, 2.568356, 0.667575, 3.265157
1763499119.614413, 222.128372, 551.945007, 777.830994, 774.073364, 77.137581, 28.696037, 2, 3.907307, 1.724727, 3.594476, 3.039224, 0.383111, 2.787077, 159.086212, 0.988240, 2.568356, 0.667575, 3.265157
1763499120.406059, 219.990372, 569.113586, 791.609009, 789.103943, 75.794991, 27.878506, 2, 3.914917, 1.774024, 2.345464, 3.099084, 0.390268, 2.869723, 167.887924, 0.988240, 2.568356, 0.667575, 3.265157
1763499121.186431, 216.783386, 559.795044, 780.336121, 776.578430, 76.889946, 27.915195, 2, 3.965785, 1.771750, 3.438064, 3.094645, 0.384086, 2.865865, 160.099838, 0.988240, 2.568356, 0.667575, 3.265157
1763499121.960541, 212.507385, 556.555786, 774.073364, 769.063171, 77.512032, 27.631981, 2, 4.118805, 1.789462, 2.662789, 3.188257, 0.380274, 2.896029, 189.262512, 0.988240, 2.568356, 0.667575, 3.265157
1763499122.735916, 208.231384, 562.084351, 775.325928, 770.315735, 77.386810, 27.031952, 2, 4.085702, 1.828214, 2.922382, 3.167751, 0.380691, 2.962953, 165.142319, 0.988240, 2.568356, 0.667575, 3.265157
1763499123.511279, 213.576385, 568.012207, 775.325928, 781.588623, 77.386810, 27.325933, 2, 4.068944, 1.809015, 3.098272, 3.154758, 0.386363, 2.929637, 190.973145, 0.988240, 2.568356, 0.667575, 3.265157
1763499124.310439, 223.197357, 587.199829, 799.124329, 810.397217, 75.082184, 27.541723, 2, 3.921770, 1.795183, 3.090046, 3.133981, 0.400680, 2.905829, 182.408279, 0.988240, 2.568356, 0.667575, 3.265157
1763499125.090813, 222.128372, 556.955200, 780.336121, 779.083557, 76.889946, 28.511494, 2, 3.947576, 1.735608, 5.259495, 3.080436, 0.385528, 2.805141, 135.238480, 0.988240, 2.568356, 0.667575, 3.265157
1763499125.869945, 226.404358, 557.689392, 779.083557, 784.093750, 77.013565, 28.874653, 2, 3.935929, 1.714329, 3.286668, 3.066417, 0.388131, 2.769908, 149.654648, 0.988240, 2.568356, 0.667575, 3.265157
1763499126.644055, 226.404358, 547.669006, 774.073364, 774.073364, 77.512032, 29.248438, 2, 3.882504, 1.692978, 4.174567, 3.005343, 0.383298, 2.734943, 127.287674, 0.988240, 2.568356, 0.667575, 3.265157
1763499127.429438, 230.680344, 559.676086, 785.346252, 790.356445, 76.399422, 29.186874, 2, 3.807080, 1.696457, 5.167602, 2.989876, 0.391339, 2.740613, 113.936783, 0.988240, 2.568356, 0.667575, 3.265157
1763499128.219831, 222.128372, 558.207764, 790.356445, 780.336121, 75.915115, 28.465731, 2, 3.744740, 1.738328, 3.183082, 2.959679, 0.386132, 2.809673, 179.323196, 0.988240, 2.568356, 0.667575, 3.265157
1763499128.982668, 231.749359, 542.323975, 762.800415, 774.073364, 78.657532, 29.938940, 2, 3.965071, 1.654939, 5.362269, 3.024558, 0.383531, 2.673608, 105.416397, 0.988240, 2.568356, 0.667575, 3.265157
1763499129.784346, 221.059372, 568.044556, 801.629395, 789.103943, 74.847557, 28.013975, 2, 3.936503, 1.765657, 3.758599, 3.155616, 0.390315, 2.855549, 127.857941, 0.988240, 2.568356, 0.667575, 3.265157
1763499130.575993, 224.266357, 571.100281, 791.609009, 795.366638, 75.794991, 28.196600, 2, 3.925477, 1.754504, 2.434626, 3.107443, 0.393476, 2.836750, 166.253433, 0.988240, 2.568356, 0.667575, 3.265157
1763499131.351355, 219.990372, 550.325378, 775.325928, 770.315735, 77.386810, 28.558468, 2, 3.909722, 1.732825, 4.435157, 3.031309, 0.381205, 2.800512, 130.015228, 0.988240, 2.568356, 0.667575, 3.265157
1763499132.117962, 222.128372, 546.934814, 766.558044, 769.063171, 78.271957, 28.882980, 2, 4.021294, 1.713847, 2.563667, 3.082556, 0.380694, 2.769114, 167.563034, 0.988240, 2.568356, 0.667575, 3.265157
1763499132.912113, 216.783386, 571.067993, 794.114136, 787.851379, 75.555893, 27.515772, 2, 3.875934, 1.796835, 2.190047, 3.077934, 0.389524, 2.908664, 221.756699, 0.988240, 2.568356, 0.667575, 3.265157
1763499133.696243, 223.197357, 568.411621, 784.093750, 791.609009, 76.521461, 28.195404, 2, 3.854748, 1.754576, 3.992886, 3.022484, 0.391617, 2.836872, 125.261047, 0.988240, 2.568356, 0.667575, 3.265157
1763499134.477868, 215.714386, 557.106445, 781.588623, 772.820801, 76.766724, 27.912601, 2, 3.896447, 1.771911, 2.300053, 3.045419, 0.382227, 2.866137, 184.231903, 0.988240, 2.568356, 0.667575, 3.265157
1763499135.230685, 223.197357, 538.350464, 752.780090, 761.547852, 79.704552, 29.308382, 2, 3.899753, 1.689604, 3.588611, 2.935657, 0.377115, 2.729454, 147.786255, 0.988240, 2.568356, 0.667575, 3.265157
1763499135.991030, 238.163330, 539.667664, 760.295349, 777.830994, 78.916702, 30.618906, 2, 3.935030, 1.619156, 5.778533, 2.991785, 0.385624, 2.617034, 96.462555, 0.988240, 2.568356, 0.667575, 3.265157
1763499136.763887, 240.301331, 535.024597, 772.820801, 775.325928, 77.637665, 30.993589, 2, 3.821486, 1.600110, 5.510603, 2.953324, 0.384509, 2.587365, 109.896996, 0.988240, 2.568356, 0.667575, 3.265157
1763499137.540502, 255.267303, 538.846802, 776.578430, 794.114136, 77.261993, 32.144913, 2, 3.572347, 1.544363, 5.050846, 2.774207, 0.394225, 2.502296, 108.181549, 0.988240, 2.568356, 0.667575, 3.265157
1763499138.334653, 249.922318, 537.929077, 794.114136, 787.851379, 75.555893, 31.722012, 2, 3.512680, 1.564370, 3.825554, 2.789469, 0.390971, 2.532522, 142.106750, 0.988240, 2.568356, 0.667575, 3.265157
1763499139.116291, 243.508316, 530.565063, 781.588623, 774.073364, 76.766724, 31.458040, 2, 3.521139, 1.577130, 4.798447, 2.752083, 0.384044, 2.551978, 115.582314, 0.988240, 2.568356, 0.667575, 3.265157
1763499139.905431, 233.887360, 543.943604, 789.103943, 777.830994, 76.035614, 30.069176, 2, 3.611078, 1.647960, 2.837573, 2.849516, 0.385437, 2.662489, 153.790604, 0.988240, 2.568356, 0.667575, 3.265157
1763499140.684551, 229.611359, 544.462036, 779.083557, 774.073364, 77.013565, 29.662737, 2, 3.746690, 1.669942, 3.842117, 2.918984, 0.383438, 2.697653, 147.160934, 0.988240, 2.568356, 0.667575, 3.265157
1763499141.464925, 219.990372, 549.072815, 780.336121, 769.063171, 76.889946, 28.604980, 2, 3.851154, 1.730079, 3.591488, 3.005195, 0.380601, 2.795949, 168.901047, 0.988240, 2.568356, 0.667575, 3.265157
1763499142.229027, 215.714386, 543.328369, 764.052979, 759.042786, 78.528587, 28.419266, 2, 3.955151, 1.741099, 5.138090, 3.021945, 0.375580, 2.814295, 123.530403, 0.988240, 2.568356, 0.667575, 3.265157
1763499143.011904, 221.059372, 568.044556, 782.841187, 789.103943, 76.643898, 28.013975, 2, 3.995879, 1.765657, 3.024604, 3.128139, 0.390315, 2.855549, 191.774094, 0.988240, 2.568356, 0.667575, 3.265157
1763499143.770984, 223.197357, 538.350464, 759.042786, 761.547852, 79.046928, 29.308382, 2, 4.063463, 1.689604, 4.001075, 3.084342, 0.377115, 2.729454, 188.670639, 0.988240, 2.568356, 0.667575, 3.265157
1763499144.552609, 227.473358, 559.125488, 781.588623, 786.598816, 76.766724, 28.918600, 2, 3.981456, 1.711790, 5.427380, 3.111861, 0.389387, 2.765729, 121.057503, 0.988240, 2.568356, 0.667575, 3.265157
1763499145.327971, 233.887360, 548.953857, 775.325928, 782.841187, 77.386810, 29.876732, 2, 3.948056, 1.658293, 5.272701, 3.061030, 0.387854, 2.678968, 121.304375, 0.988240, 2.568356, 0.667575, 3.265157
1763499146.100841, 225.335358, 537.465088, 772.820801, 762.800415, 77.637665, 29.540539, 2, 3.927819, 1.676669, 5.027827, 3.035501, 0.377813, 2.708496, 122.704506, 0.988240, 2.568356, 0.667575, 3.265157
1763499146.866184, 242.439331, 542.906921, 765.305542, 785.346252, 78.400063, 30.870375, 2, 3.977468, 1.606322, 6.715496, 3.043978, 0.389436, 2.597008, 103.499924, 0.988240, 2.568356, 0.667575, 3.265157
1763499147.651567, 233.887360, 541.438599, 785.346252, 775.325928, 76.399422, 30.166328, 2, 3.908034, 1.642793, 4.691356, 3.069160, 0.384229, 2.654284, 132.044128, 0.988240, 2.568356, 0.667575, 3.265157
1763499148.429434, 242.439331, 545.412048, 777.830994, 787.851379, 77.137581, 30.772215, 2, 3.917139, 1.611307, 6.580738, 3.046872, 0.390644, 2.604770, 103.332954, 0.988240, 2.568356, 0.667575, 3.265157
1763499149.214829, 225.335358, 539.970215, 785.346252, 765.305542, 76.399422, 29.443842, 2, 3.523112, 1.682032, 6.133191, 2.766863, 0.379021, 2.717168, 135.737793, 0.988240, 2.568356, 0.667575, 3.265157
1763499149.992697, 238.163330, 554.698242, 777.830994, 792.861572, 77.137581, 30.038448, 2, 3.448612, 1.649601, 4.641776, 2.682437, 0.392874, 2.665100, 127.537804, 0.988240, 2.568356, 0.667575, 3.265157
1763499150.774322, 229.611359, 541.956909, 781.588623, 771.568237, 76.766724, 29.759047, 2, 3.713882, 1.664679, 3.849975, 2.902728, 0.382229, 2.689196, 129.824326, 0.988240, 2.568356, 0.667575, 3.265157
1763499151.549685, 228.542343, 545.531006, 775.325928, 774.073364, 77.386810, 29.524635, 2, 3.744141, 1.677549, 3.539917, 2.902930, 0.383391, 2.709917, 118.456863, 0.988240, 2.568356, 0.667575, 3.265157
1763499152.332576, 228.542343, 554.298828, 782.841187, 782.841187, 76.643898, 29.193958, 2, 3.846616, 1.696056, 3.008003, 3.011289, 0.387621, 2.739960, 213.685837, 0.988240, 2.568356, 0.667575, 3.265157
1763499153.099170, 232.818344, 538.749878, 766.558044, 771.568237, 78.271957, 30.174694, 2, 3.891567, 1.642350, 3.988791, 2.983112, 0.382369, 2.653580, 133.609985, 0.988240, 2.568356, 0.667575, 3.265157
1763499153.888311, 231.749359, 556.102051, 789.103943, 787.851379, 76.035614, 29.415365, 2, 3.850423, 1.683618, 3.225395, 3.038384, 0.390177, 2.719737, 195.960648, 0.988240, 2.568356, 0.667575, 3.265157
1763499154.646138, 238.163330, 527.142212, 757.790222, 765.305542, 79.177582, 31.120031, 2, 3.981419, 1.593786, 5.704495, 3.017080, 0.379581, 2.577582, 104.310402, 0.988240, 2.568356, 0.667575, 3.265157
1763499155.439036, 240.301331, 555.065308, 792.861572, 795.366638, 75.675255, 30.212650, 2, 3.914560, 1.640341, 4.792397, 3.103704, 0.394176, 2.650398, 124.160149, 0.988240, 2.568356, 0.667575, 3.265157
1763499156.231946, 236.025330, 551.826050, 792.861572, 787.851379, 75.675255, 29.958101, 2, 3.748931, 1.653908, 4.676932, 2.972383, 0.390364, 2.671963, 130.849243, 0.988240, 2.568356, 0.667575, 3.265157
1763499157.034864, 228.542343, 565.571777, 802.881958, 794.114136, 74.730789, 28.779533, 2, 3.667442, 1.719850, 1.872833, 2.944523, 0.393059, 2.779013, 183.792313, 0.988240, 2.568356, 0.667575, 3.265157
1763499157.802713, 242.439331, 541.654419, 767.810608, 784.093750, 78.144272, 30.919685, 2, 3.778439, 1.603830, 5.529047, 2.901125, 0.388832, 2.593136, 115.721146, 0.988240, 2.568356, 0.667575, 3.265157
1763499158.603138, 232.818344, 556.285583, 800.376831, 789.103943, 74.964691, 29.504141, 2, 3.693161, 1.678684, 2.714952, 2.955920, 0.390828, 2.711751, 170.691147, 0.988240, 2.568356, 0.667575, 3.265157
1763499159.382258, 231.749359, 546.081665, 779.083557, 777.830994, 77.013565, 29.794308, 2, 3.699651, 1.662760, 4.273358, 2.882338, 0.385344, 2.686119, 128.470505, 0.988240, 2.568356, 0.667575, 3.265157
1763499160.167641, 233.887360, 553.963989, 785.346252, 787.851379, 76.399422, 29.686737, 2, 3.780573, 1.668627, 4.574194, 2.969059, 0.390271, 2.695538, 123.298904, 0.988240, 2.568356, 0.667575, 3.265157
1763499160.950519, 232.818344, 548.770264, 782.841187, 781.588623, 76.643898, 29.787836, 2, 3.813458, 1.663112, 4.359975, 2.985332, 0.387203, 2.686683, 132.019104, 0.988240, 2.568356, 0.667575, 3.265157
1763499161.734661, 236.025330, 551.826050, 784.093750, 787.851379, 76.521461, 29.958101, 2, 3.846078, 1.653908, 4.794425, 3.015686, 0.390364, 2.671963, 114.968231, 0.988240, 2.568356, 0.667575, 3.265157
1763499162.518792, 243.508316, 549.353271, 784.093750, 792.861572, 76.521461, 30.712589, 2, 3.734452, 1.614350, 4.280699, 2.928160, 0.393108, 2.609519, 153.770859, 0.988240, 2.568356, 0.667575, 3.265157
1763499163.305428, 239.232315, 542.356323, 786.598816, 781.588623, 76.277763, 30.608469, 2, 3.793382, 1.619693, 3.607167, 2.983870, 0.387483, 2.617876, 111.779884, 0.988240, 2.568356, 0.667575, 3.265157
1763499164.107106, 233.887360, 561.479248, 801.629395, 795.366638, 74.847557, 29.406231, 2, 3.732337, 1.684128, 2.854690, 2.991951, 0.393896, 2.720563, 184.954483, 0.988240, 2.568356, 0.667575, 3.265157
1763499164.877459, 241.370316, 537.713257, 770.315735, 779.083557, 77.890137, 30.981314, 2, 3.697066, 1.600727, 6.746888, 2.847908, 0.386368, 2.588321, 120.516335, 0.988240, 2.568356, 0.667575, 3.265157
1763499165.685387, 224.266357, 563.585022, 807.892151, 787.851379, 74.267342, 28.465567, 2, 3.741382, 1.738338, 2.128552, 3.022633, 0.389851, 2.809689, 177.676254, 0.988240, 2.568356, 0.667575, 3.265157
1763499166.455739, 215.714386, 544.580933, 770.315735, 760.295349, 77.890137, 28.372446, 2, 3.995167, 1.743900, 3.245463, 3.077540, 0.376184, 2.818975, 195.978119, 0.988240, 2.568356, 0.667575, 3.265157
1763499167.246145, 215.714386, 574.642090, 790.356445, 790.356445, 75.915115, 27.293304, 2, 4.037853, 1.811126, 0.719254, 3.191343, 0.390686, 2.933284, 189.630722, 0.988240, 2.568356, 0.667575, 3.265157
1763499168.031528, 215.714386, 569.631836, 785.346252, 785.346252, 76.399422, 27.467424, 2, 4.027493, 1.799921, 1.834947, 3.162976, 0.388269, 2.913966, 189.035202, 0.988240, 2.568356, 0.667575, 3.265157
1763499168.823174, 212.507385, 575.343994, 791.609009, 787.851379, 75.794991, 26.973030, 2, 4.016323, 1.832112, 2.357600, 3.179357, 0.389337, 2.969756, 248.990677, 0.988240, 2.568356, 0.667575, 3.265157
1763499169.601042, 227.473358, 567.893311, 777.830994, 795.366638, 77.137581, 28.599812, 2, 4.057253, 1.730383, 4.400370, 3.155857, 0.393616, 2.796455, 129.190765, 0.988240, 2.568356, 0.667575, 3.265157
1763499170.391447, 225.335358, 562.515991, 790.356445, 787.851379, 75.915115, 28.601254, 2, 4.052068, 1.730298, 3.284529, 3.202578, 0.389897, 2.796314, 177.662369, 0.988240, 2.568356, 0.667575, 3.265157
1763499171.175577, 217.852371, 557.473572, 784.093750, 775.325928, 76.521461, 28.098166, 2, 3.865321, 1.760497, 3.268187, 3.030774, 0.383528, 2.846839, 181.568893, 0.988240, 2.568356, 0.667575, 3.265157
1763499171.960960, 222.128372, 568.228088, 785.346252, 790.356445, 76.399422, 28.104836, 2, 3.861715, 1.760090, 4.274723, 3.032783, 0.390966, 2.846153, 148.497925, 0.988240, 2.568356, 0.667575, 3.265157
1763499172.743838, 221.059372, 560.529236, 782.841187, 781.588623, 76.643898, 28.283340, 2, 3.761365, 1.749257, 2.850226, 2.944551, 0.386690, 2.827942, 166.356354, 0.988240, 2.568356, 0.667575, 3.265157
1763499173.516707, 230.680344, 553.413391, 772.820801, 784.093750, 77.637665, 29.419994, 2, 3.799188, 1.683360, 4.694417, 2.936092, 0.388318, 2.719319, 123.000542, 0.988240, 2.568356, 0.667575, 3.265157
1763499174.295828, 242.439331, 550.422241, 779.083557, 792.861572, 77.013565, 30.577765, 2, 3.749421, 1.621276, 5.089875, 2.921112, 0.393061, 2.620356, 120.130814, 0.988240, 2.568356, 0.667575, 3.265157
1763499175.089979, 240.301331, 551.307678, 794.114136, 791.609009, 75.555893, 30.356064, 2, 3.689932, 1.632798, 5.487990, 2.930227, 0.392363, 2.638474, 118.196587, 0.988240, 2.568356, 0.667575, 3.265157
1763499175.886647, 239.232315, 556.134338, 796.619202, 795.366638, 75.318298, 30.078243, 2, 3.748976, 1.647476, 4.838730, 2.986506, 0.394130, 2.661720, 128.170639, 0.988240, 2.568356, 0.667575, 3.265157
1763499176.679545, 225.335358, 551.243042, 792.861572, 776.578430, 75.675255, 29.016432, 2, 3.647101, 1.706165, 2.981517, 2.891646, 0.384459, 2.756493, 206.723511, 0.988240, 2.568356, 0.667575, 3.265157
1763499177.448645, 231.749359, 544.829102, 769.063171, 776.578430, 78.016998, 29.842365, 2, 3.441802, 1.660153, 5.441508, 2.646963, 0.384739, 2.681943, 150.678894, 0.988240, 2.568356, 0.667575, 3.265157
1763499178.220250, 219.990372, 537.799866, 771.568237, 757.790222, 77.763702, 29.030510, 2, 3.520252, 1.705359, 2.596129, 2.716115, 0.375163, 2.755172, 164.568970, 0.988240, 2.568356, 0.667575, 3.265157
1763499178.993107, 216.783386, 552.279785, 772.820801, 769.063171, 77.637665, 28.187981, 2, 4.033278, 1.755027, 2.332552, 3.117001, 0.380461, 2.837629, 183.066574, 0.988240, 2.568356, 0.667575, 3.265157
1763499179.765978, 213.576385, 555.486816, 772.820801, 769.063171, 77.637665, 27.770981, 2, 4.185538, 1.780724, 2.637114, 3.234671, 0.380321, 2.881114, 226.845703, 0.988240, 2.568356, 0.667575, 3.265157
1763499180.537583, 205.024399, 556.523438, 771.568237, 761.547852, 77.763702, 26.922066, 2, 4.161191, 1.835498, 2.120215, 3.210643, 0.376322, 2.975675, 192.846939, 0.988240, 2.568356, 0.667575, 3.265157
1763499181.304177, 214.645386, 563.185608, 766.558044, 777.830994, 78.271957, 27.595377, 2, 4.051958, 1.791778, 0.922369, 3.106061, 0.384597, 2.899992, 194.231552, 0.988240, 2.568356, 0.667575, 3.265157
1763499182.030690, 222.128372, 513.116089, 726.476624, 735.244446, 82.590408, 30.211500, 2, 4.104160, 1.640402, 4.089426, 2.981576, 0.364380, 2.650494, 127.898735, 0.988240, 2.568356, 0.667575, 3.265157
1763499182.806053, 207.162384, 550.627808, 775.325928, 757.790222, 77.386810, 27.337694, 2, 4.100932, 1.808256, 2.950935, 3.179559, 0.374603, 2.928326, 199.667160, 0.988240, 2.568356, 0.667575, 3.265157
1763499183.557617, 217.852371, 546.200623, 751.527588, 764.052979, 79.837387, 28.512732, 2, 4.125606, 1.735535, 2.997158, 3.100506, 0.378090, 2.805019, 168.689011, 0.988240, 2.568356, 0.667575, 3.265157
1763499184.329234, 218.921371, 553.899414, 771.568237, 772.820801, 77.763702, 28.327572, 2, 4.103006, 1.746593, 4.216363, 3.165749, 0.382367, 2.823481, 139.077240, 0.988240, 2.568356, 0.667575, 3.265157
1763499185.100840, 226.404358, 553.931763, 771.568237, 780.336121, 77.763702, 29.013697, 2, 4.060316, 1.706322, 3.549729, 3.132811, 0.386319, 2.756750, 160.159164, 0.988240, 2.568356, 0.667575, 3.265157
1763499185.862424, 227.473358, 535.327026, 761.547852, 762.800415, 78.786911, 29.820824, 2, 4.089627, 1.661321, 3.422534, 3.114447, 0.377906, 2.683813, 129.018021, 0.988240, 2.568356, 0.667575, 3.265157
1763499186.631524, 223.197357, 540.855591, 769.063171, 764.052979, 78.016998, 29.212288, 2, 4.025844, 1.695019, 4.784429, 3.096128, 0.378324, 2.738269, 129.775085, 0.988240, 2.568356, 0.667575, 3.265157
1763499187.404381, 225.335358, 549.990601, 772.820801, 775.325928, 77.637665, 29.063309, 2, 4.036945, 1.703484, 2.944627, 3.119835, 0.383855, 2.752100, 160.122604, 0.988240, 2.568356, 0.667575, 3.265157
1763499188.174746, 219.990372, 544.062622, 770.315735, 764.052979, 77.890137, 28.792555, 2, 4.033460, 1.719092, 2.998559, 3.107037, 0.378184, 2.777761, 185.355026, 0.988240, 2.568356, 0.667575, 3.265157
1763499188.950108, 224.266357, 556.069763, 775.325928, 780.336121, 77.386810, 28.739712, 2, 3.889349, 1.722173, 2.773274, 3.015513, 0.386225, 2.782851, 200.615616, 0.988240, 2.568356, 0.667575, 3.265157
1763499189.721713, 227.473358, 547.852539, 771.568237, 775.325928, 77.763702, 29.339064, 2, 3.927755, 1.687883, 1.822478, 3.030531, 0.383948, 2.726657, 183.263687, 0.988240, 2.568356, 0.667575, 3.265157
1763499190.502087, 218.921371, 551.394348, 780.336121, 770.315735, 76.889946, 28.419695, 2, 4.067361, 1.741073, 3.488566, 3.173909, 0.381158, 2.814252, 134.241486, 0.988240, 2.568356, 0.667575, 3.265157
1763499191.274944, 216.783386, 553.532349, 772.820801, 770.315735, 77.637665, 28.142149, 2, 4.054222, 1.757814, 3.382323, 3.133187, 0.381065, 2.842319, 132.730194, 0.988240, 2.568356, 0.667575, 3.265157
1763499192.037793, 219.990372, 546.567688, 762.800415, 766.558044, 78.657532, 28.698462, 2, 3.963169, 1.724585, 3.020361, 3.023107, 0.379392, 2.786842, 193.419754, 0.988240, 2.568356, 0.667575, 3.265157
1763499192.799378, 218.921371, 541.373962, 761.547852, 760.295349, 78.786911, 28.794252, 2, 3.905486, 1.718993, 3.158661, 2.974215, 0.376324, 2.777598, 165.905350, 0.988240, 2.568356, 0.667575, 3.265157
1763499193.572235, 221.059372, 554.266541, 772.820801, 775.325928, 77.637665, 28.511799, 2, 3.952578, 1.735590, 3.220156, 3.054634, 0.383668, 2.805111, 157.198715, 0.988240, 2.568356, 0.667575, 3.265157
1763499194.337577, 223.197357, 544.613281, 765.305542, 767.810608, 78.400063, 29.069324, 2, 4.086143, 1.703140, 2.544890, 3.127148, 0.380136, 2.751537, 185.956528, 0.988240, 2.568356, 0.667575, 3.265157
1763499195.125478, 236.025330, 566.856628, 787.851379, 802.881958, 76.156494, 29.397264, 2, 3.837790, 1.684628, 5.645841, 3.023608, 0.397615, 2.721374, 106.881760, 0.988240, 2.568356, 0.667575, 3.265157
1763499195.917124, 221.059372, 553.013977, 791.609009, 774.073364, 75.794991, 28.557936, 2, 3.921462, 1.732857, 3.184004, 3.104264, 0.383064, 2.800564, 172.211960, 0.988240, 2.568356, 0.667575, 3.265157
1763499196.689981, 221.059372, 551.761414, 772.820801, 772.820801, 77.637665, 28.604221, 2, 3.935878, 1.730123, 5.015948, 3.041728, 0.382460, 2.796023, 125.130287, 0.988240, 2.568356, 0.667575, 3.265157
1763499197.441546, 237.094315, 533.221436, 751.527588, 770.315735, 79.837387, 30.778849, 2, 4.129993, 1.610969, 6.608663, 3.103804, 0.381952, 2.604243, 123.247490, 0.988240, 2.568356, 0.667575, 3.265157
1763499198.234444, 216.783386, 552.279785, 792.861572, 769.063171, 75.675255, 28.187981, 2, 3.901698, 1.755027, 2.201188, 3.093507, 0.380461, 2.837629, 238.142990, 0.988240, 2.568356, 0.667575, 3.265157
1763499198.973495, 228.542343, 524.237732, 739.002075, 752.780090, 81.190567, 30.359776, 2, 3.919516, 1.632604, 5.835896, 2.896530, 0.373119, 2.638168, 109.073883, 0.988240, 2.568356, 0.667575, 3.265157
1763499199.752615, 228.542343, 550.541199, 779.083557, 779.083557, 77.013565, 29.334766, 2, 3.811304, 1.688124, 5.328884, 2.969324, 0.385808, 2.727048, 129.064514, 0.988240, 2.568356, 0.667575, 3.265157
1763499200.526725, 233.887360, 546.448730, 774.073364, 780.336121, 77.512032, 29.972643, 2, 3.814196, 1.653127, 4.984998, 2.952467, 0.386645, 2.670717, 131.557617, 0.988240, 2.568356, 0.667575, 3.265157
1763499201.312108, 233.887360, 551.458862, 785.346252, 785.346252, 76.399422, 29.781431, 2, 3.782569, 1.663460, 5.179149, 2.970626, 0.389062, 2.687242, 111.572464, 0.988240, 2.568356, 0.667575, 3.265157
1763499202.122554, 236.025330, 576.876953, 810.397217, 812.902283, 74.037766, 29.034895, 2, 3.674546, 1.705108, 5.192688, 2.977842, 0.402449, 2.754760, 117.971008, 0.988240, 2.568356, 0.667575, 3.265157
1763499202.902927, 233.887360, 543.943604, 780.336121, 777.830994, 76.889946, 30.069176, 2, 3.800814, 1.647960, 4.304567, 2.965912, 0.385437, 2.662489, 130.780731, 0.988240, 2.568356, 0.667575, 3.265157
1763499203.672027, 231.749359, 534.808716, 769.063171, 766.558044, 78.016998, 30.232460, 2, 3.873082, 1.639295, 5.160261, 2.978645, 0.379906, 2.648741, 113.547783, 0.988240, 2.568356, 0.667575, 3.265157
1763499204.457410, 234.956345, 554.147583, 785.346252, 789.103943, 76.399422, 29.775084, 2, 3.758095, 1.663806, 4.762110, 2.951406, 0.390922, 2.687796, 119.165802, 0.988240, 2.568356, 0.667575, 3.265157
1763499205.229027, 232.818344, 536.244812, 771.568237, 769.063171, 77.763702, 30.272982, 2, 3.851461, 1.637159, 4.123881, 2.971665, 0.381161, 2.645362, 142.631805, 0.988240, 2.568356, 0.667575, 3.265157
1763499206.010652, 228.542343, 548.036072, 781.588623, 776.578430, 76.766724, 29.429398, 2, 3.707033, 1.682836, 3.221226, 2.897375, 0.384599, 2.718471, 154.189804, 0.988240, 2.568356, 0.667575, 3.265157
1763499206.784763, 217.852371, 543.695496, 774.073364, 761.547852, 77.512032, 28.606525, 2, 3.654959, 1.729988, 1.604976, 2.829206, 0.376882, 2.795798, 181.981140, 0.988240, 2.568356, 0.667575, 3.265157
1763499207.563883, 230.680344, 563.433777, 779.083557, 794.114136, 77.013565, 29.048765, 2, 3.742289, 1.704315, 3.196510, 2.915555, 0.393152, 2.753461, 156.207260, 0.988240, 2.568356, 0.667575, 3.265157
1763499208.355541, 224.266357, 559.827393, 791.609009, 784.093750, 75.794991, 28.601984, 2, 3.824525, 1.730255, 2.509697, 3.027528, 0.388038, 2.796242, 211.349808, 0.988240, 2.568356, 0.667575, 3.265157
1763499209.123388, 229.611359, 544.462036, 767.810608, 774.073364, 78.144272, 29.662737, 2, 3.770829, 1.669942, 5.090613, 2.895283, 0.383438, 2.697653, 123.407578, 0.988240, 2.568356, 0.667575, 3.265157
1763499209.901255, 218.921371, 546.384155, 777.830994, 765.305542, 77.137581, 28.605747, 2, 3.806112, 1.730033, 3.551647, 2.960512, 0.378741, 2.795874, 128.835587, 0.988240, 2.568356, 0.667575, 3.265157
1763499210.660335, 216.783386, 539.754333, 759.042786, 756.537720, 79.046928, 28.654671, 2, 3.915594, 1.727154, 3.372253, 2.972104, 0.374418, 2.791098, 150.270493, 0.988240, 2.568356, 0.667575, 3.265157
1763499211.424424, 215.714386, 547.086060, 764.052979, 762.800415, 78.528587, 28.279268, 2, 4.012916, 1.749502, 3.241478, 3.066081, 0.377393, 2.828354, 156.698013, 0.988240, 2.568356, 0.667575, 3.265157
1763499212.174736, 219.990372, 535.294861, 750.275024, 755.285217, 79.970673, 29.126793, 2, 4.006232, 1.699866, 3.902653, 3.005776, 0.373954, 2.746181, 127.430511, 0.988240, 2.568356, 0.667575, 3.265157
1763499212.946354, 211.438385, 550.109497, 771.568237, 761.547852, 77.763702, 27.764294, 2, 3.964163, 1.781142, 3.678659, 3.058623, 0.376602, 2.881827, 138.080414, 0.988240, 2.568356, 0.667575, 3.265157
1763499213.690403, 216.783386, 533.491638, 744.012268, 750.275024, 80.643829, 28.893856, 2, 4.077117, 1.713218, 5.578148, 3.033425, 0.371397, 2.768080, 118.123192, 0.988240, 2.568356, 0.667575, 3.265157
1763499214.464513, 218.921371, 557.657043, 774.073364, 776.578430, 77.512032, 28.190502, 2, 4.062662, 1.754874, 3.690168, 3.144798, 0.384179, 2.837372, 169.388107, 0.988240, 2.568356, 0.667575, 3.265157
1763499215.224845, 225.335358, 542.475220, 760.295349, 767.810608, 78.916702, 29.347778, 2, 4.009220, 1.687395, 4.059139, 3.048191, 0.380230, 2.725864, 139.465454, 0.988240, 2.568356, 0.667575, 3.265157
1763499216.001460, 224.266357, 551.059570, 776.578430, 775.325928, 77.261993, 28.925430, 2, 3.885696, 1.711396, 3.643687, 3.017548, 0.383808, 2.765082, 171.517075, 0.988240, 2.568356, 0.667575, 3.265157
1763499216.778087, 224.266357, 552.312073, 776.578430, 776.578430, 77.261993, 28.878778, 2, 3.954506, 1.714090, 3.731928, 3.070984, 0.384413, 2.769515, 134.403656, 0.988240, 2.568356, 0.667575, 3.265157
1763499217.560965, 214.645386, 556.922852, 782.841187, 771.568237, 76.643898, 27.819365, 2, 3.864894, 1.777703, 3.636383, 3.025598, 0.381576, 2.875973, 194.113785, 0.988240, 2.568356, 0.667575, 3.265157
1763499218.321297, 222.128372, 546.934814, 760.295349, 769.063171, 78.916702, 28.882980, 2, 3.901034, 1.713847, 3.873436, 2.965938, 0.380694, 2.769114, 132.714951, 0.988240, 2.568356, 0.667575, 3.265157
1763499219.089145, 217.852371, 544.948059, 767.810608, 762.800415, 78.144272, 28.559551, 2, 3.947537, 1.732761, 4.491709, 3.030961, 0.377486, 2.800405, 121.524956, 0.988240, 2.568356, 0.667575, 3.265157
1763499219.868265, 223.197357, 562.148926, 779.083557, 785.346252, 77.013565, 28.420248, 2, 3.891283, 1.741040, 3.150877, 3.031635, 0.388596, 2.814198, 153.751694, 0.988240, 2.568356, 0.667575, 3.265157
1763499220.639882, 227.473358, 549.105103, 771.568237, 776.578430, 77.763702, 29.291742, 2, 3.826050, 1.690539, 5.058593, 2.952059, 0.384553, 2.730974, 114.509468, 0.988240, 2.568356, 0.667575, 3.265157
1763499221.417749, 231.749359, 551.091797, 777.830994, 782.841187, 77.137581, 29.603624, 2, 3.853439, 1.673189, 4.877428, 2.997324, 0.387761, 2.702882, 125.814430, 0.988240, 2.568356, 0.667575, 3.265157
1763499222.198122, 225.335358, 547.485474, 780.336121, 772.820801, 76.889946, 29.157516, 2, 3.810820, 1.698121, 3.787926, 2.973721, 0.382647, 2.743330, 158.660019, 0.988240, 2.568356, 0.667575, 3.265157
1763499222.982252, 222.128372, 558.207764, 784.093750, 780.336121, 76.521461, 28.465731, 2, 3.768928, 1.738328, 2.669540, 2.955193, 0.386132, 2.809673, 170.105347, 0.988240, 2.568356, 0.667575, 3.265157
1763499223.740080, 228.542343, 536.763184, 757.790222, 765.305542, 79.177582, 29.862890, 2, 3.874935, 1.659042, 5.481276, 2.936388, 0.379161, 2.680165, 113.617554, 0.988240, 2.568356, 0.667575, 3.265157
1763499224.511697, 221.059372, 541.741028, 771.568237, 762.800415, 77.763702, 28.979975, 2, 3.911962, 1.708257, 5.411591, 3.018345, 0.377626, 2.759925, 115.906662, 0.988240, 2.568356, 0.667575, 3.265157
1763499225.287060, 223.197357, 554.633667, 775.325928, 777.830994, 77.386810, 28.694838, 2, 3.915775, 1.724798, 3.273536, 3.036001, 0.384970, 2.787194, 176.051529, 0.988240, 2.568356, 0.667575, 3.265157
1763499226.056159, 234.956345, 547.884827, 769.063171, 782.841187, 78.016998, 30.013285, 2, 3.948098, 1.650947, 4.642219, 3.036336, 0.387901, 2.667244, 122.823280, 0.988240, 2.568356, 0.667575, 3.265157
1763499226.834027, 224.266357, 541.039185, 777.830994, 765.305542, 77.137581, 29.304159, 2, 3.948774, 1.689842, 4.487208, 3.071479, 0.378975, 2.729840, 126.753883, 0.988240, 2.568356, 0.667575, 3.265157
1763499227.611907, 217.852371, 552.463379, 777.830994, 770.315735, 77.137581, 28.280920, 2, 4.029408, 1.749403, 2.077165, 3.134198, 0.381112, 2.828187, 199.447235, 0.988240, 2.568356, 0.667575, 3.265157
1763499228.355956, 223.197357, 527.077637, 744.012268, 750.275024, 80.643829, 29.748737, 2, 4.066048, 1.665241, 3.214660, 3.025190, 0.371677, 2.690098, 154.067398, 0.988240, 2.568356, 0.667575, 3.265157
1763499229.128814, 217.852371, 548.705688, 772.820801, 766.558044, 77.637665, 28.419554, 2, 3.993446, 1.741082, 2.212329, 3.086218, 0.379299, 2.814267, 135.631973, 0.988240, 2.568356, 0.667575, 3.265157
1763499229.920459, 214.645386, 573.205994, 791.609009, 787.851379, 75.794991, 27.244400, 2, 4.041484, 1.814298, 1.574321, 3.199275, 0.389431, 2.938774, 176.933273, 0.988240, 2.568356, 0.667575, 3.265157
1763499230.695822, 221.059372, 561.781799, 775.325928, 782.841187, 77.386810, 28.238089, 2, 3.974476, 1.751990, 2.223949, 3.081514, 0.387294, 2.832527, 151.619095, 0.988240, 2.568356, 0.667575, 3.265157
1763499231.476207, 224.266357, 559.827393, 780.336121, 784.093750, 76.889946, 28.601984, 2, 3.907461, 1.730255, 2.906741, 3.049133, 0.388038, 2.796242, 182.906204, 0.988240, 2.568356, 0.667575, 3.265157
1763499232.271610, 222.128372, 570.733215, 795.366638, 792.861572, 75.436905, 28.016033, 2, 3.874595, 1.765530, 2.012239, 3.081724, 0.392174, 2.855335, 177.925079, 0.988240, 2.568356, 0.667575, 3.265157
1763499233.041962, 229.611359, 549.472168, 770.315735, 779.083557, 77.890137, 29.471981, 2, 3.938354, 1.680468, 3.073962, 3.033776, 0.385855, 2.714636, 162.604477, 0.988240, 2.568356, 0.667575, 3.265157
1763499233.828598, 226.404358, 556.436829, 786.598816, 782.841187, 76.277763, 28.920853, 2, 3.908552, 1.711660, 3.268740, 3.074462, 0.387527, 2.765516, 189.584518, 0.988240, 2.568356, 0.667575, 3.265157
1763499234.608984, 236.025330, 555.583679, 780.336121, 791.609009, 76.889946, 29.815897, 2, 3.889798, 1.661588, 4.464226, 3.035350, 0.392177, 2.684241, 121.805847, 0.988240, 2.568356, 0.667575, 3.265157
1763499235.404387, 223.197357, 557.138794, 795.366638, 780.336121, 75.436905, 28.602718, 2, 3.742583, 1.730212, 3.612073, 2.976726, 0.386179, 2.796170, 184.941788, 0.988240, 2.568356, 0.667575, 3.265157
1763499236.202295, 218.921371, 573.940186, 797.871765, 792.861572, 75.200058, 27.611551, 2, 3.757483, 1.790754, 1.820375, 2.997989, 0.392034, 2.898239, 223.338272, 0.988240, 2.568356, 0.667575, 3.265157
1763499236.975165, 228.542343, 555.551392, 772.820801, 784.093750, 77.637665, 29.147324, 2, 3.830398, 1.698699, 3.436478, 2.960212, 0.388225, 2.744275, 177.112411, 0.988240, 2.568356, 0.667575, 3.265157
1763499237.749275, 230.680344, 545.898071, 774.073364, 776.578430, 77.512032, 29.704708, 2, 3.886706, 1.667644, 4.707624, 3.008595, 0.384693, 2.693958, 136.507355, 0.988240, 2.568356, 0.667575, 3.265157
1763499238.534657, 226.404358, 553.931763, 785.346252, 780.336121, 76.399422, 29.013697, 2, 3.905753, 1.706322, 3.274569, 3.067369, 0.386319, 2.756750, 190.685928, 0.988240, 2.568356, 0.667575, 3.265157
1763499239.316283, 223.197357, 554.633667, 781.588623, 777.830994, 76.766724, 28.694838, 2, 3.896692, 1.724798, 3.505572, 3.045610, 0.384970, 2.787194, 179.536896, 0.988240, 2.568356, 0.667575, 3.265157
1763499240.097909, 217.852371, 557.473572, 781.588623, 775.325928, 76.766724, 28.098166, 2, 4.029680, 1.760497, 2.449640, 3.149552, 0.383528, 2.846839, 208.568604, 0.988240, 2.568356, 0.667575, 3.265157
1763499240.887061, 219.990372, 571.618652, 789.103943, 791.609009, 76.035614, 27.790281, 2, 3.987528, 1.779518, 3.248487, 3.146574, 0.391477, 2.879060, 224.690857, 0.988240, 2.568356, 0.667575, 3.265157
1763499241.663676, 211.438385, 555.119629, 776.578430, 766.558044, 77.261993, 27.582827, 2, 4.110036, 1.792573, 2.959493, 3.191766, 0.379019, 2.901355, 196.218109, 0.988240, 2.568356, 0.667575, 3.265157
1763499242.447807, 208.231384, 572.104736, 784.093750, 780.336121, 76.521461, 26.684834, 2, 4.188200, 1.851428, 2.444402, 3.283941, 0.385525, 3.003654, 197.821609, 0.988240, 2.568356, 0.667575, 3.265157
1763499243.221917, 207.162384, 565.658447, 774.073364, 772.820801, 77.512032, 26.806005, 2, 4.198860, 1.843256, 3.724660, 3.250226, 0.381853, 2.989275, 133.536545, 0.988240, 2.568356, 0.667575, 3.265157
1763499243.998544, 212.507385, 570.333801, 776.578430, 782.841187, 77.261993, 27.145657, 2, 4.220289, 1.820739, 3.455033, 3.277385, 0.386920, 2.949944, 132.675964, 0.988240, 2.568356, 0.667575, 3.265157
1763499244.775159, 216.783386, 564.805237, 776.578430, 781.588623, 77.261993, 27.736252, 2, 4.237041, 1.782899, 2.897371, 3.290395, 0.386503, 2.884821, 176.781418, 0.988240, 2.568356, 0.667575, 3.265157
1763499245.560543, 218.921371, 568.929993, 785.346252, 787.851379, 76.399422, 27.787140, 2, 4.119914, 1.779714, 3.686221, 3.235559, 0.389617, 2.879395, 188.786942, 0.988240, 2.568356, 0.667575, 3.265157
1763499246.332148, 225.335358, 553.748169, 771.568237, 779.083557, 77.763702, 28.923130, 2, 4.139314, 1.711528, 3.545266, 3.193763, 0.385668, 2.765300, 119.581314, 0.988240, 2.568356, 0.667575, 3.265157
1763499247.135078, 216.783386, 576.078186, 802.881958, 792.861572, 74.730789, 27.341896, 2, 4.006135, 1.807984, 2.060712, 3.216453, 0.391941, 2.927858, 170.029617, 0.988240, 2.568356, 0.667575, 3.265157
1763499247.926724, 221.059372, 575.559814, 791.609009, 796.619202, 75.794991, 27.749691, 2, 4.018396, 1.782057, 5.609061, 3.180998, 0.393940, 2.883385, 131.132156, 0.988240, 2.568356, 0.667575, 3.265157
1763499248.707096, 224.266357, 559.827393, 780.336121, 784.093750, 76.889946, 28.601984, 2, 3.959434, 1.730255, 3.293715, 3.089689, 0.388038, 2.796242, 186.808746, 0.988240, 2.568356, 0.667575, 3.265157
1763499249.492492, 224.266357, 561.079895, 785.346252, 785.346252, 76.399422, 28.556368, 2, 3.938587, 1.732949, 4.339908, 3.093155, 0.388642, 2.800718, 129.687012, 0.988240, 2.568356, 0.667575, 3.265157
1763499250.267854, 227.473358, 551.610229, 775.325928, 779.083557, 77.386810, 29.197556, 2, 3.919306, 1.695852, 4.217655, 3.038739, 0.385761, 2.739628, 120.022820, 0.988240, 2.568356, 0.667575, 3.265157
1763499251.046975, 229.611359, 551.977295, 779.083557, 781.588623, 77.013565, 29.377520, 2, 3.946907, 1.685731, 5.386248, 3.074970, 0.387063, 2.723163, 121.451645, 0.988240, 2.568356, 0.667575, 3.265157
1763499251.792276, 232.818344, 516.204102, 745.264832, 749.022461, 80.508293, 31.082958, 2, 4.019826, 1.595635, 5.371123, 2.995835, 0.371493, 2.580439, 100.548058, 0.988240, 2.568356, 0.667575, 3.265157
1763499252.587680, 231.749359, 562.364746, 795.366638, 794.114136, 75.436905, 29.183382, 2, 3.764528, 1.696655, 3.492993, 2.994180, 0.393199, 2.740937, 147.095566, 0.988240, 2.568356, 0.667575, 3.265157
1763499253.376832, 233.887360, 557.721680, 789.103943, 791.609009, 76.035614, 29.545820, 2, 3.736266, 1.676377, 4.855552, 2.948303, 0.392083, 2.708025, 126.040298, 0.988240, 2.568356, 0.667575, 3.265157
1763499254.158458, 228.542343, 546.783569, 781.588623, 775.325928, 76.766724, 29.476938, 2, 3.684350, 1.680193, 3.004573, 2.879646, 0.383995, 2.714191, 186.749100, 0.988240, 2.568356, 0.667575, 3.265157
1763499254.926305, 217.852371, 537.432861, 767.810608, 755.285217, 78.144272, 28.843721, 2, 3.850891, 1.716120, 4.336624, 2.956755, 0.373861, 2.772859, 135.371140, 0.988240, 2.568356, 0.667575, 3.265157
1763499255.697910, 212.507385, 552.798157, 771.568237, 765.305542, 77.763702, 27.767653, 2, 4.038002, 1.780932, 2.425072, 3.115594, 0.378461, 2.881469, 216.909622, 0.988240, 2.568356, 0.667575, 3.265157
1763499256.464517, 214.645386, 554.417786, 766.558044, 769.063171, 78.271957, 27.909983, 2, 4.112396, 1.772073, 3.591820, 3.152390, 0.380367, 2.866412, 164.611404, 0.988240, 2.568356, 0.667575, 3.265157
1763499257.232365, 218.921371, 553.899414, 767.810608, 772.820801, 78.144272, 28.327572, 2, 4.251519, 1.746593, 3.129592, 3.264361, 0.382367, 2.823481, 142.004547, 0.988240, 2.568356, 0.667575, 3.265157
1763499258.006475, 213.576385, 554.234253, 774.073364, 767.810608, 77.512032, 27.816284, 2, 4.149747, 1.777895, 2.008550, 3.212209, 0.379716, 2.876300, 197.185867, 0.988240, 2.568356, 0.667575, 3.265157
1763499258.778079, 224.266357, 559.827393, 771.568237, 784.093750, 77.763702, 28.601984, 2, 4.069456, 1.730255, 4.180654, 3.139863, 0.388038, 2.796242, 130.471115, 0.988240, 2.568356, 0.667575, 3.265157
1763499259.557200, 219.990372, 554.083008, 779.083557, 774.073364, 77.013565, 28.419834, 2, 3.986145, 1.741065, 3.555078, 3.105540, 0.383018, 2.814239, 189.601059, 0.988240, 2.568356, 0.667575, 3.265157
1763499260.330069, 229.611359, 554.482422, 772.820801, 784.093750, 77.637665, 29.283661, 2, 4.021060, 1.690994, 3.436072, 3.107559, 0.388271, 2.731714, 166.925903, 0.988240, 2.568356, 0.667575, 3.265157
1763499261.085391, 223.197357, 524.572510, 755.285217, 747.769897, 79.440186, 29.848400, 2, 4.142461, 1.659826, 4.308514, 3.128740, 0.370469, 2.681420, 127.020744, 0.988240, 2.568356, 0.667575, 3.265157
1763499261.862007, 222.128372, 553.197571, 776.578430, 775.325928, 77.261993, 28.649675, 2, 4.244743, 1.727448, 3.467022, 3.296376, 0.383715, 2.791584, 174.381607, 0.988240, 2.568356, 0.667575, 3.265157
1763499262.636117, 221.059372, 551.761414, 774.073364, 772.820801, 77.512032, 28.604221, 2, 4.244226, 1.730123, 3.828321, 3.285342, 0.382460, 2.796023, 133.033264, 0.988240, 2.568356, 0.667575, 3.265157
1763499263.412732, 218.921371, 555.151978, 776.578430, 774.073364, 77.261993, 28.281733, 2, 4.189188, 1.749354, 3.626903, 3.253233, 0.382971, 2.828105, 178.086700, 0.988240, 2.568356, 0.667575, 3.265157
1763499264.178086, 219.990372, 546.567688, 765.305542, 766.558044, 78.400063, 28.698462, 2, 4.016119, 1.724585, 3.389665, 3.073559, 0.379392, 2.786842, 114.869476, 0.988240, 2.568356, 0.667575, 3.265157
1763499264.958459, 217.852371, 559.978638, 780.336121, 777.830994, 76.889946, 28.007675, 2, 3.904251, 1.766044, 1.229660, 3.046628, 0.384737, 2.856204, 196.626846, 0.988240, 2.568356, 0.667575, 3.265157
1763499265.730064, 224.266357, 554.817200, 771.568237, 779.083557, 77.763702, 28.785917, 2, 3.903322, 1.719478, 3.070052, 3.011679, 0.385621, 2.778399, 170.811508, 0.988240, 2.568356, 0.667575, 3.265157
1763499266.512941, 223.197357, 558.391235, 782.841187, 781.588623, 76.643898, 28.556883, 2, 3.854575, 1.732919, 3.105245, 3.017520, 0.386783, 2.800668, 183.652756, 0.988240, 2.568356, 0.667575, 3.265157
1763499267.289570, 231.749359, 554.849487, 776.578430, 786.598816, 77.261993, 29.462206, 2, 3.815056, 1.681011, 3.177364, 2.962690, 0.389573, 2.715515, 170.876160, 0.988240, 2.568356, 0.667575, 3.265157
1763499268.067437, 231.749359, 546.081665, 777.830994, 777.830994, 77.137581, 29.794308, 2, 3.902667, 1.662760, 3.405490, 3.035615, 0.385344, 2.686119, 153.852020, 0.988240, 2.568356, 0.667575, 3.265157
1763499268.837789, 232.818344, 538.749878, 770.315735, 771.568237, 77.890137, 30.174694, 2, 3.990191, 1.642350, 5.863269, 3.073707, 0.382369, 2.653580, 121.499725, 0.988240, 2.568356, 0.667575, 3.265157
1763499269.626930, 219.990372, 554.083008, 789.103943, 774.073364, 76.035614, 28.419834, 2, 4.000143, 1.741065, 2.748595, 3.156528, 0.383018, 2.814239, 191.119797, 0.988240, 2.568356, 0.667575, 3.265157
1763499270.378494, 227.473358, 532.822021, 751.527588, 760.295349, 79.837387, 29.919079, 2, 4.017930, 1.656008, 4.213191, 3.019585, 0.376698, 2.675316, 125.993240, 0.988240, 2.568356, 0.667575, 3.265157
1763499271.152616, 221.059372, 545.498657, 774.073364, 766.558044, 77.512032, 28.837915, 2, 3.981034, 1.716457, 4.773989, 3.081613, 0.379439, 2.773414, 120.757057, 0.988240, 2.568356, 0.667575, 3.265157
1763499271.935494, 228.542343, 563.066650, 782.841187, 791.609009, 76.643898, 28.870609, 2, 3.926437, 1.714563, 5.884038, 3.073777, 0.391850, 2.770293, 123.606979, 0.988240, 2.568356, 0.667575, 3.265157
1763499272.715867, 225.335358, 551.243042, 780.336121, 776.578430, 76.889946, 29.016432, 2, 4.028898, 1.706165, 2.649214, 3.143895, 0.384459, 2.756493, 184.410294, 0.988240, 2.568356, 0.667575, 3.265157
1763499273.498745, 219.990372, 556.588074, 782.841187, 776.578430, 76.643898, 28.328159, 2, 3.884301, 1.746558, 2.242763, 3.040791, 0.384226, 2.823422, 170.640701, 0.988240, 2.568356, 0.667575, 3.265157
1763499274.252827, 223.197357, 534.592896, 754.032654, 757.790222, 79.572151, 29.453712, 2, 3.981173, 1.681483, 3.700497, 3.001934, 0.375303, 2.716279, 172.906723, 0.988240, 2.568356, 0.667575, 3.265157
1763499275.023179, 217.852371, 546.200623, 770.315735, 764.052979, 77.890137, 28.512732, 2, 4.017402, 1.735535, 3.297403, 3.094668, 0.378090, 2.805019, 200.977097, 0.988240, 2.568356, 0.667575, 3.265157
1763499275.784763, 226.404358, 545.163879, 761.547852, 771.568237, 78.786911, 29.343399, 2, 3.899654, 1.687640, 4.160624, 2.969774, 0.382089, 2.726263, 129.202423, 0.988240, 2.568356, 0.667575, 3.265157
1763499276.552611, 222.128372, 540.672058, 767.810608, 762.800415, 78.144272, 29.120117, 2, 3.814831, 1.700246, 3.449721, 2.929068, 0.377673, 2.746801, 189.630051, 0.988240, 2.568356, 0.667575, 3.265157
1763499277.327973, 210.369385, 551.178467, 775.325928, 761.547852, 77.386810, 27.623922, 2, 3.809997, 1.789972, 2.795150, 2.953989, 0.376555, 2.896900, 186.354645, 0.988240, 2.568356, 0.667575, 3.265157
1763499278.090811, 216.783386, 553.532349, 762.800415, 770.315735, 78.657532, 28.142149, 2, 3.940748, 1.757814, 3.882585, 3.006004, 0.381065, 2.842319, 138.016449, 0.988240, 2.568356, 0.667575, 3.265157
1763499278.868691, 218.921371, 561.414734, 777.830994, 780.336121, 77.137581, 28.054752, 2, 3.895531, 1.763154, 2.446689, 3.030064, 0.385992, 2.851321, 190.228317, 0.988240, 2.568356, 0.667575, 3.265157
1763499279.627770, 221.059372, 540.488464, 759.042786, 761.547852, 79.046928, 29.027641, 2, 3.907076, 1.705523, 1.897770, 2.965638, 0.377022, 2.755441, 180.157593, 0.988240, 2.568356, 0.667575, 3.265157
1763499280.399375, 211.438385, 548.856934, 771.568237, 760.295349, 77.763702, 27.810034, 2, 3.975747, 1.778285, 2.697429, 3.067560, 0.375998, 2.876963, 203.326294, 0.988240, 2.568356, 0.667575, 3.265157
1763499281.174737, 219.990372, 565.355896, 775.325928, 785.346252, 77.386810, 28.011894, 2, 4.082546, 1.765785, 4.682871, 3.165303, 0.388456, 2.855766, 144.041992, 0.988240, 2.568356, 0.667575, 3.265157
1763499281.952617, 221.059372, 558.024170, 777.830994, 779.083557, 77.137581, 28.374281, 2, 4.017739, 1.743790, 3.777191, 3.125122, 0.385481, 2.818791, 148.120575, 0.988240, 2.568356, 0.667575, 3.265157
1763499282.749273, 215.714386, 574.642090, 796.619202, 790.356445, 75.318298, 27.293304, 2, 3.879920, 1.811126, 1.369398, 3.090819, 0.390686, 2.933284, 190.268845, 0.988240, 2.568356, 0.667575, 3.265157
1763499283.509606, 225.335358, 546.232910, 760.295349, 771.568237, 78.916702, 29.204851, 2, 3.937246, 1.695439, 4.404058, 2.993470, 0.382042, 2.738954, 129.471252, 0.988240, 2.568356, 0.667575, 3.265157
1763499284.291231, 226.404358, 556.436829, 781.588623, 782.841187, 76.766724, 28.920853, 2, 3.896164, 1.711660, 4.500488, 3.045197, 0.387527, 2.765516, 122.644157, 0.988240, 2.568356, 0.667575, 3.265157
1763499285.070351, 224.266357, 552.312073, 779.083557, 776.578430, 77.013565, 28.878778, 2, 3.927347, 1.714090, 4.105952, 3.059732, 0.384413, 2.769515, 145.332947, 0.988240, 2.568356, 0.667575, 3.265157
1763499285.838211, 218.921371, 542.626465, 767.810608, 761.547852, 78.144272, 28.746897, 2, 4.038014, 1.721753, 4.289479, 3.100430, 0.376929, 2.782157, 134.987091, 0.988240, 2.568356, 0.667575, 3.265157
1763499286.627351, 224.266357, 571.100281, 789.103943, 795.366638, 76.035614, 28.196600, 2, 3.963048, 1.754504, 3.521066, 3.127256, 0.393476, 2.836750, 136.005020, 0.988240, 2.568356, 0.667575, 3.265157
1763499287.416492, 216.783386, 563.552734, 789.103943, 780.336121, 76.035614, 27.780771, 2, 3.907349, 1.780112, 2.980041, 3.083305, 0.385899, 2.880072, 193.635788, 0.988240, 2.568356, 0.667575, 3.265157
1763499288.191854, 222.128372, 559.460266, 775.325928, 781.588623, 77.386810, 28.420115, 2, 3.847091, 1.741048, 2.849931, 2.982749, 0.386736, 2.814211, 202.523514, 0.988240, 2.568356, 0.667575, 3.265157
1763499288.964725, 231.749359, 552.344360, 772.820801, 784.093750, 77.637665, 29.556334, 2, 3.814247, 1.675797, 3.888377, 2.947730, 0.388365, 2.707088, 130.901825, 0.988240, 2.568356, 0.667575, 3.265157
1763499289.746350, 224.266357, 548.554443, 781.588623, 772.820801, 76.766724, 29.019192, 2, 3.861017, 1.706007, 3.858164, 3.017727, 0.382600, 2.756234, 151.582809, 0.988240, 2.568356, 0.667575, 3.265157
1763499290.525470, 230.680344, 555.918457, 779.083557, 786.598816, 77.013565, 29.326302, 2, 3.881021, 1.688599, 4.425491, 3.023640, 0.389527, 2.727819, 121.144852, 0.988240, 2.568356, 0.667575, 3.265157
1763499291.302085, 226.404358, 545.163879, 776.578430, 771.568237, 77.261993, 29.343399, 2, 3.953963, 1.687640, 4.117536, 3.070562, 0.382089, 2.726263, 169.392273, 0.988240, 2.568356, 0.667575, 3.265157
1763499292.081217, 226.404358, 552.679199, 779.083557, 779.083557, 77.013565, 29.060343, 2, 3.929054, 1.703653, 4.123402, 3.061061, 0.385714, 2.752377, 128.958527, 0.988240, 2.568356, 0.667575, 3.265157
1763499292.852822, 229.611359, 545.714600, 771.568237, 775.325928, 77.763702, 29.614819, 2, 3.874383, 1.672573, 3.019550, 2.989351, 0.384042, 2.701890, 155.570496, 0.988240, 2.568356, 0.667575, 3.265157
1763499293.606891, 242.439331, 526.623840, 754.032654, 769.063171, 79.572151, 31.523981, 2, 3.925720, 1.573923, 5.037861, 2.960121, 0.381581, 2.547075, 98.843704, 0.988240, 2.568356, 0.667575, 3.265157
1763499294.401042, 230.680344, 549.655762, 794.114136, 780.336121, 75.555893, 29.561666, 2, 3.693784, 1.675502, 2.930055, 2.933286, 0.386505, 2.706612, 153.177567, 0.988240, 2.568356, 0.667575, 3.265157
1763499295.188943, 229.611359, 556.987427, 787.851379, 786.598816, 76.156494, 29.190403, 2, 3.682491, 1.696257, 3.275970, 2.901255, 0.389480, 2.740288, 180.299210, 0.988240, 2.568356, 0.667575, 3.265157
1763499295.963053, 227.473358, 544.094849, 774.073364, 771.568237, 77.512032, 29.481951, 2, 3.808939, 1.679914, 3.254316, 2.948399, 0.382136, 2.713741, 152.725693, 0.988240, 2.568356, 0.667575, 3.265157
1763499296.724637, 221.059372, 532.973267, 761.547852, 754.032654, 78.786911, 29.316950, 2, 3.901044, 1.689124, 4.799922, 2.970831, 0.373397, 2.728672, 130.825027, 0.988240, 2.568356, 0.667575, 3.265157
1763499297.494990, 215.714386, 548.338623, 770.315735, 764.052979, 77.890137, 28.232908, 2, 3.982930, 1.752303, 2.805589, 3.068114, 0.377997, 2.833054, 193.443741, 0.988240, 2.568356, 0.667575, 3.265157
1763499298.247806, 215.714386, 537.065674, 752.780090, 752.780090, 79.704552, 28.655699, 2, 4.024981, 1.727094, 3.687881, 3.029926, 0.372559, 2.790998, 154.502365, 0.988240, 2.568356, 0.667575, 3.265157
1763499299.010643, 221.059372, 548.003784, 762.800415, 769.063171, 78.657532, 28.743982, 2, 3.984271, 1.721923, 3.499116, 3.039203, 0.380647, 2.782439, 149.914780, 0.988240, 2.568356, 0.667575, 3.265157
1763499299.783513, 215.714386, 550.843628, 772.820801, 766.558044, 77.637665, 28.140646, 2, 3.774050, 1.757905, 2.334692, 2.916665, 0.379205, 2.842473, 163.577316, 0.988240, 2.568356, 0.667575, 3.265157
1763499300.547604, 234.956345, 551.642456, 764.052979, 786.598816, 78.528587, 29.869907, 2, 3.829330, 1.658662, 3.602260, 2.925811, 0.389713, 2.679558, 158.916122, 0.988240, 2.568356, 0.667575, 3.265157
1763499301.320461, 238.163330, 538.415100, 772.820801, 776.578430, 77.637665, 30.668291, 2, 3.780745, 1.616619, 3.128227, 2.921839, 0.385019, 2.613065, 179.196793, 0.988240, 2.568356, 0.667575, 3.265157
1763499302.103339, 227.473358, 542.842407, 782.841187, 770.315735, 76.643898, 29.529888, 2, 3.729323, 1.677258, 2.723842, 2.919468, 0.381532, 2.709447, 146.048996, 0.988240, 2.568356, 0.667575, 3.265157
1763499302.876208, 232.818344, 546.265198, 772.820801, 779.083557, 77.637665, 29.883617, 2, 3.911797, 1.657921, 5.120309, 3.023118, 0.385995, 2.678373, 108.468025, 0.988240, 2.568356, 0.667575, 3.265157
1763499303.661591, 226.404358, 551.426636, 785.346252, 777.830994, 76.399422, 29.107141, 2, 3.956357, 1.700984, 3.784385, 3.107110, 0.385110, 2.748009, 158.429489, 0.988240, 2.568356, 0.667575, 3.265157
1763499304.438206, 222.128372, 549.439880, 776.578430, 771.568237, 77.261993, 28.789207, 2, 3.937349, 1.719287, 2.072959, 3.057660, 0.381902, 2.778083, 176.930084, 0.988240, 2.568356, 0.667575, 3.265157
1763499305.212316, 230.680344, 553.413391, 774.073364, 784.093750, 77.512032, 29.419994, 2, 3.760750, 1.683360, 3.943638, 2.911096, 0.388318, 2.719319, 115.586975, 0.988240, 2.568356, 0.667575, 3.265157
1763499305.991437, 243.508316, 550.605835, 779.083557, 794.114136, 77.013565, 30.664146, 2, 3.736600, 1.616832, 5.079546, 2.911123, 0.393712, 2.613397, 120.180397, 0.988240, 2.568356, 0.667575, 3.265157
1763499306.783095, 231.749359, 546.081665, 791.609009, 777.830994, 75.794991, 29.794308, 2, 3.593112, 1.662760, 3.978056, 2.844340, 0.385344, 2.686119, 121.406906, 0.988240, 2.568356, 0.667575, 3.265157
1763499307.548437, 228.542343, 533.005493, 765.305542, 761.547852, 78.400063, 30.010241, 2, 3.784722, 1.651110, 4.957036, 2.896469, 0.377349, 2.667503, 125.011299, 0.988240, 2.568356, 0.667575, 3.265157
1763499308.313779, 226.404358, 536.396057, 765.305542, 762.800415, 78.400063, 29.680681, 2, 3.904736, 1.668959, 4.478281, 2.988316, 0.377860, 2.696071, 123.988281, 0.988240, 2.568356, 0.667575, 3.265157
1763499309.085384, 221.059372, 544.246155, 771.568237, 765.305542, 77.763702, 28.885115, 2, 3.908264, 1.713723, 3.422607, 3.015492, 0.378835, 2.768911, 160.076340, 0.988240, 2.568356, 0.667575, 3.265157
1763499309.863264, 215.714386, 555.853882, 777.830994, 771.568237, 77.137581, 27.957912, 2, 3.969905, 1.769110, 4.688516, 3.087915, 0.381622, 2.861391, 141.019012, 0.988240, 2.568356, 0.667575, 3.265157
1763499310.628606, 233.887360, 552.711426, 765.305542, 786.598816, 78.400063, 29.734009, 2, 4.059881, 1.666044, 4.377719, 3.107049, 0.389667, 2.691387, 118.079659, 0.988240, 2.568356, 0.667575, 3.265157
1763499311.408979, 231.749359, 546.081665, 780.336121, 777.830994, 76.889946, 29.794308, 2, 4.003542, 1.662760, 4.910296, 3.124108, 0.385344, 2.686119, 132.524872, 0.988240, 2.568356, 0.667575, 3.265157
1763499312.190605, 227.473358, 549.105103, 781.588623, 776.578430, 76.766724, 29.291742, 2, 3.986905, 1.690539, 3.762657, 3.116119, 0.384553, 2.730974, 189.627884, 0.988240, 2.568356, 0.667575, 3.265157
1763499312.969725, 221.059372, 550.508850, 779.083557, 771.568237, 77.013565, 28.650656, 2, 4.005102, 1.727390, 2.330118, 3.120309, 0.381856, 2.791489, 194.720718, 0.988240, 2.568356, 0.667575, 3.265157
1763499313.746352, 227.473358, 556.620361, 776.578430, 784.093750, 77.261993, 29.010990, 2, 3.993617, 1.706477, 3.525087, 3.101357, 0.388178, 2.757005, 172.503952, 0.988240, 2.568356, 0.667575, 3.265157
1763499314.529230, 227.473358, 555.367798, 782.841187, 782.841187, 76.643898, 29.057407, 2, 3.968102, 1.703821, 3.370998, 3.106394, 0.387574, 2.752652, 172.269760, 0.988240, 2.568356, 0.667575, 3.265157
1763499315.317118, 228.542343, 560.561584, 787.851379, 789.103943, 76.156494, 28.962261, 2, 4.010299, 1.709275, 3.616979, 3.159519, 0.390642, 2.761596, 117.726334, 0.988240, 2.568356, 0.667575, 3.265157
1763499316.113786, 213.576385, 565.507202, 796.619202, 779.083557, 75.318298, 27.413797, 2, 4.020578, 1.803357, 4.100271, 3.202870, 0.385154, 2.919878, 196.338776, 0.988240, 2.568356, 0.667575, 3.265157
1763499316.907937, 212.507385, 580.354187, 794.114136, 792.861572, 75.555893, 26.802584, 2, 3.995376, 1.843486, 3.235945, 3.172784, 0.391754, 2.989678, 213.935379, 0.988240, 2.568356, 0.667575, 3.265157
1763499317.694573, 215.714386, 574.642090, 786.598816, 790.356445, 76.277763, 27.293304, 2, 4.011784, 1.811126, 3.672240, 3.155664, 0.390686, 2.933284, 190.254776, 0.988240, 2.568356, 0.667575, 3.265157
1763499318.488723, 217.852371, 578.766846, 794.114136, 796.619202, 75.555893, 27.347115, 2, 3.966514, 1.807648, 1.648211, 3.149865, 0.393800, 2.927277, 220.352280, 0.988240, 2.568356, 0.667575, 3.265157
1763499319.274118, 219.990372, 567.861023, 785.346252, 787.851379, 76.399422, 27.922827, 2, 3.932708, 1.771278, 3.505093, 3.088537, 0.389664, 2.865064, 197.422256, 0.988240, 2.568356, 0.667575, 3.265157
1763499320.063259, 218.921371, 568.929993, 789.103943, 787.851379, 76.035614, 27.787140, 2, 4.037324, 1.779714, 2.541865, 3.185868, 0.389617, 2.879395, 208.487381, 0.988240, 2.568356, 0.667575, 3.265157
1763499320.858662, 223.197357, 577.179443, 795.366638, 800.376831, 75.436905, 27.886534, 2, 3.500403, 1.773526, 4.507719, 2.784104, 0.395846, 2.868878, 162.049057, 0.988240, 2.568356, 0.667575, 3.265157
1763499321.642805, 218.921371, 560.162170, 784.093750, 779.083557, 76.521461, 28.099859, 2, 3.603467, 1.760394, 4.112556, 2.825456, 0.385388, 2.846665, 129.517120, 0.988240, 2.568356, 0.667575, 3.265157
1763499322.443219, 216.783386, 581.088379, 800.376831, 797.871765, 74.964691, 27.170204, 2, 4.001166, 1.819133, 1.555433, 3.202441, 0.394358, 2.947156, 211.226395, 0.988240, 2.568356, 0.667575, 3.265157
1763499323.223592, 216.783386, 563.552734, 780.336121, 780.336121, 76.889946, 27.780771, 2, 3.917701, 1.780112, 2.521612, 3.057123, 0.385899, 2.880072, 180.488632, 0.988240, 2.568356, 0.667575, 3.265157
1763499323.987681, 229.611359, 549.472168, 764.052979, 779.083557, 78.528587, 29.471981, 2, 3.963551, 1.680468, 3.389333, 3.028363, 0.385855, 2.714636, 125.711113, 0.988240, 2.568356, 0.667575, 3.265157
1763499324.783097, 223.197357, 564.654053, 795.366638, 787.851379, 75.436905, 28.329882, 2, 3.833424, 1.746455, 3.350709, 3.048978, 0.389804, 2.823248, 154.402420, 0.988240, 2.568356, 0.667575, 3.265157
1763499325.579752, 217.852371, 572.504089, 796.619202, 790.356445, 75.318298, 27.563814, 2, 3.752631, 1.793780, 3.241368, 2.989418, 0.390779, 2.903422, 153.799911, 0.988240, 2.568356, 0.667575, 3.265157
1763499326.352610, 213.576385, 554.234253, 772.820801, 767.810608, 77.637665, 27.816284, 2, 4.128696, 1.777895, 3.563747, 3.190742, 0.379716, 2.876300, 195.162064, 0.988240, 2.568356, 0.667575, 3.265157
1763499327.145508, 212.507385, 579.101624, 792.861572, 791.609009, 75.675255, 26.844994, 2, 4.213125, 1.840642, 1.171854, 3.340425, 0.391150, 2.984687, 207.540314, 0.988240, 2.568356, 0.667575, 3.265157
1763499327.938419, 217.852371, 581.271973, 792.861572, 799.124329, 75.675255, 27.261385, 2, 3.772707, 1.813195, 4.364882, 2.991234, 0.395009, 2.936864, 172.179733, 0.988240, 2.568356, 0.667575, 3.265157
1763499328.728812, 213.576385, 571.769897, 790.356445, 785.346252, 75.915115, 27.195189, 2, 3.723943, 1.817502, 2.037582, 2.943242, 0.388176, 2.944327, 197.167221, 0.988240, 2.568356, 0.667575, 3.265157
1763499329.531731, 207.162384, 588.204224, 802.881958, 795.366638, 74.730789, 26.046150, 2, 4.145479, 1.895756, 1.407542, 3.328331, 0.392729, 3.082649, 221.604324, 0.988240, 2.568356, 0.667575, 3.265157
1763499330.327146, 223.197357, 590.957397, 795.366638, 814.154785, 75.436905, 27.414612, 2, 4.107379, 1.803305, 3.155046, 3.266873, 0.402493, 2.919788, 200.750275, 0.988240, 2.568356, 0.667575, 3.265157
1763499331.128812, 216.783386, 577.330750, 801.629395, 794.114136, 74.847557, 27.298769, 2, 4.043142, 1.810772, 2.139361, 3.241101, 0.392545, 2.932673, 189.746323, 0.988240, 2.568356, 0.667575, 3.265157
1763499331.931730, 219.990372, 586.649231, 802.881958, 806.639587, 74.730789, 27.272448, 2, 3.847355, 1.812477, 0.815314, 3.088972, 0.398728, 2.935622, 144.532089, 0.988240, 2.568356, 0.667575, 3.265157
1763499332.712115, 228.542343, 561.814087, 780.336121, 790.356445, 76.889946, 28.916365, 2, 3.841530, 1.711918, 4.733078, 2.997684, 0.391246, 2.765941, 120.020020, 0.988240, 2.568356, 0.667575, 3.265157
1763499333.516287, 215.714386, 573.389526, 804.134460, 789.103943, 74.614388, 27.336624, 2, 4.028475, 1.808325, 0.859582, 3.239435, 0.390082, 2.928445, 202.159241, 0.988240, 2.568356, 0.667575, 3.265157
1763499334.301670, 217.852371, 569.999023, 785.346252, 787.851379, 76.399422, 27.651457, 2, 3.977011, 1.788233, 2.884128, 3.123331, 0.389571, 2.893926, 139.569824, 0.988240, 2.568356, 0.667575, 3.265157
1763499335.094568, 215.714386, 574.642090, 792.861572, 790.356445, 75.675255, 27.293304, 2, 4.042171, 1.811126, 4.259488, 3.204882, 0.390686, 2.933284, 140.867538, 0.988240, 2.568356, 0.667575, 3.265157
1763499335.869943, 217.852371, 559.978638, 775.325928, 777.830994, 77.386810, 28.007675, 2, 3.978209, 1.766044, 3.189095, 3.084409, 0.384737, 2.856204, 172.210922, 0.988240, 2.568356, 0.667575, 3.265157
1763499336.659083, 217.852371, 571.251587, 789.103943, 789.103943, 76.035614, 27.607563, 2, 4.038616, 1.791006, 2.316653, 3.186888, 0.390175, 2.898671, 195.210541, 0.988240, 2.568356, 0.667575, 3.265157
1763499337.445719, 222.128372, 569.480652, 786.598816, 791.609009, 76.277763, 28.060364, 2, 3.949850, 1.762810, 2.102250, 3.106947, 0.391570, 2.850741, 186.961807, 0.988240, 2.568356, 0.667575, 3.265157
1763499338.226105, 226.404358, 558.941895, 780.336121, 785.346252, 76.889946, 28.828604, 2, 3.989807, 1.716997, 2.816066, 3.113390, 0.388736, 2.774305, 158.616135, 0.988240, 2.568356, 0.667575, 3.265157
1763499339.013993, 223.197357, 560.896362, 787.851379, 784.093750, 76.156494, 28.465647, 2, 3.991232, 1.738333, 4.386388, 3.144498, 0.387991, 2.809681, 124.282280, 0.988240, 2.568356, 0.667575, 3.265157
1763499339.795618, 218.921371, 557.657043, 781.588623, 776.578430, 76.766724, 28.190502, 2, 4.082045, 1.754874, 4.535386, 3.190480, 0.384179, 2.837372, 138.880524, 0.988240, 2.568356, 0.667575, 3.265157
1763499340.602294, 223.197357, 588.452393, 806.639587, 811.649780, 74.382660, 27.499220, 2, 4.033236, 1.797891, 3.163899, 3.253367, 0.401284, 2.910476, 177.276352, 0.988240, 2.568356, 0.667575, 3.265157
1763499341.380174, 247.784317, 558.855286, 777.830994, 806.639587, 77.137581, 30.718094, 2, 3.936158, 1.614069, 6.857447, 3.061666, 0.399941, 2.609080, 100.905884, 0.988240, 2.568356, 0.667575, 3.265157
1763499342.183092, 241.370316, 553.996338, 802.881958, 795.366638, 74.730789, 30.347050, 2, 3.734407, 1.633270, 5.169594, 2.998288, 0.394223, 2.639219, 107.153244, 0.988240, 2.568356, 0.667575, 3.265157
1763499342.977243, 223.197357, 549.623413, 794.114136, 772.820801, 75.555893, 28.880867, 2, 3.832125, 1.713969, 1.903599, 3.043144, 0.382553, 2.769315, 154.259460, 0.988240, 2.568356, 0.667575, 3.265157
1763499343.750100, 213.576385, 547.971436, 772.820801, 761.547852, 77.637665, 28.045038, 2, 3.891794, 1.763749, 1.476231, 3.007659, 0.376695, 2.852327, 176.938614, 0.988240, 2.568356, 0.667575, 3.265157
1763499344.514203, 210.369385, 549.925964, 764.052979, 760.295349, 78.528587, 27.669430, 2, 4.175510, 1.787099, 3.942125, 3.190311, 0.375951, 2.891989, 159.900040, 0.988240, 2.568356, 0.667575, 3.265157
1763499345.304596, 206.093384, 579.252869, 790.356445, 785.346252, 75.915115, 26.242361, 2, 4.185120, 1.881908, 1.856712, 3.307737, 0.387849, 3.057792, 219.824753, 0.988240, 2.568356, 0.667575, 3.265157
1763499346.074948, 210.369385, 564.956543, 770.315735, 775.325928, 77.890137, 27.133026, 2, 4.161435, 1.821566, 2.909840, 3.205619, 0.383202, 2.951382, 196.492599, 0.988240, 2.568356, 0.667575, 3.265157
1763499346.849058, 221.059372, 565.539429, 774.073364, 786.598816, 77.512032, 28.103191, 2, 4.150821, 1.760190, 3.632805, 3.213040, 0.389107, 2.846322, 157.549072, 0.988240, 2.568356, 0.667575, 3.265157
1763499347.631948, 215.714386, 560.864014, 782.841187, 776.578430, 76.643898, 27.777540, 2, 4.099539, 1.780314, 3.074884, 3.209288, 0.384039, 2.880416, 181.266281, 0.988240, 2.568356, 0.667575, 3.265157
1763499348.408563, 226.404358, 562.699585, 776.578430, 789.103943, 77.261993, 28.691322, 2, 3.984858, 1.725004, 4.730016, 3.094555, 0.390548, 2.787535, 131.992111, 0.988240, 2.568356, 0.667575, 3.265157
1763499349.196451, 223.197357, 560.896362, 787.851379, 784.093750, 76.156494, 28.465647, 2, 3.857692, 1.738333, 3.284160, 3.039288, 0.387991, 2.809681, 179.036636, 0.988240, 2.568356, 0.667575, 3.265157
1763499349.986845, 218.921371, 566.424866, 790.356445, 785.346252, 75.915115, 27.875778, 2, 3.823139, 1.774194, 1.292963, 3.021642, 0.388409, 2.870011, 175.137405, 0.988240, 2.568356, 0.667575, 3.265157
1763499350.759715, 215.714386, 553.348755, 772.820801, 769.063171, 77.637665, 28.048981, 2, 3.821280, 1.763508, 3.978167, 2.953165, 0.380414, 2.851919, 197.359116, 0.988240, 2.568356, 0.667575, 3.265157
1763499351.530067, 226.404358, 556.436829, 770.315735, 782.841187, 77.890137, 28.920853, 2, 3.956781, 1.711660, 3.758119, 3.047971, 0.387527, 2.765516, 127.618790, 0.988240, 2.568356, 0.667575, 3.265157
1763499352.316702, 221.059372, 559.276733, 786.598816, 780.336121, 76.277763, 28.328737, 2, 3.879616, 1.746523, 2.105275, 3.051701, 0.386085, 2.823364, 185.974777, 0.988240, 2.568356, 0.667575, 3.265157
1763499353.077034, 228.542343, 540.520813, 760.295349, 769.063171, 78.916702, 29.716980, 2, 3.892009, 1.666973, 3.235023, 2.959076, 0.380974, 2.692880, 154.485748, 0.988240, 2.568356, 0.667575, 3.265157
1763499353.872450, 215.714386, 564.621704, 795.366638, 780.336121, 75.436905, 27.643780, 2, 3.886676, 1.788717, 1.208411, 3.091332, 0.385852, 2.894754, 200.537231, 0.988240, 2.568356, 0.667575, 3.265157
1763499354.640297, 228.542343, 554.298828, 767.810608, 782.841187, 78.144272, 29.193958, 2, 3.940307, 1.696056, 3.413274, 3.025409, 0.387621, 2.739960, 183.145279, 0.988240, 2.568356, 0.667575, 3.265157
1763499355.411903, 221.059372, 541.741028, 771.568237, 762.800415, 77.763702, 28.979975, 2, 3.990449, 1.708257, 3.473109, 3.078904, 0.377626, 2.759925, 144.619751, 0.988240, 2.568356, 0.667575, 3.265157
1763499356.206053, 223.197357, 573.421875, 794.114136, 796.619202, 75.555893, 28.018076, 2, 4.089210, 1.765405, 2.896412, 3.247300, 0.394034, 2.855124, 204.662613, 0.988240, 2.568356, 0.667575, 3.265157
1763499356.980163, 229.611359, 551.977295, 774.073364, 781.588623, 77.512032, 29.377520, 2, 3.996716, 1.685731, 4.029922, 3.093752, 0.387063, 2.723163, 116.483047, 0.988240, 2.568356, 0.667575, 3.265157
1763499357.779336, 222.128372, 568.228088, 799.124329, 790.356445, 75.082184, 28.104836, 2, 4.030793, 1.760090, 2.626342, 3.221104, 0.390966, 2.846153, 183.957596, 0.988240, 2.568356, 0.667575, 3.265157
1763499358.563467, 219.990372, 561.598267, 784.093750, 781.588623, 76.521461, 28.146568, 2, 4.005647, 1.757545, 3.111184, 3.140803, 0.386643, 2.841866, 193.297638, 0.988240, 2.568356, 0.667575, 3.265157
1763499359.332566, 208.231384, 547.053833, 769.063171, 755.285217, 78.016998, 27.569902, 2, 4.112094, 1.793393, 3.047475, 3.162461, 0.373441, 2.902760, 206.000458, 0.988240, 2.568356, 0.667575, 3.265157
1763499360.111699, 217.852371, 572.504089, 779.083557, 790.356445, 77.013565, 27.563814, 2, 4.128870, 1.793780, 2.435180, 3.216735, 0.390779, 2.903422, 226.491623, 0.988240, 2.568356, 0.667575, 3.265157
1763499360.904598, 210.369385, 573.724365, 792.861572, 784.093750, 75.675255, 26.829620, 2, 3.960878, 1.841672, 1.988482, 3.140428, 0.387431, 2.986494, 255.826187, 0.988240, 2.568356, 0.667575, 3.265157
1763499361.666182, 222.128372, 553.197571, 761.547852, 775.325928, 78.786911, 28.649675, 2, 3.949266, 1.727448, 3.291280, 3.007555, 0.383715, 2.791584, 195.657211, 0.988240, 2.568356, 0.667575, 3.265157
1763499362.461585, 216.783386, 572.320557, 795.366638, 789.103943, 75.436905, 27.472094, 2, 4.005391, 1.799623, 2.040091, 3.185754, 0.390128, 2.913453, 236.820450, 0.988240, 2.568356, 0.667575, 3.265157
1763499363.224422, 232.818344, 548.770264, 762.800415, 781.588623, 78.657532, 29.787836, 2, 4.198701, 1.663112, 7.452442, 3.202771, 0.387203, 2.686683, 126.012421, 0.988240, 2.568356, 0.667575, 3.265157
1763499364.024848, 222.128372, 565.723022, 800.376831, 787.851379, 74.964691, 28.194199, 2, 4.050649, 1.754649, 3.412315, 3.242046, 0.389757, 2.836995, 181.520905, 0.988240, 2.568356, 0.667575, 3.265157
1763499364.807726, 227.473358, 561.630615, 782.841187, 789.103943, 76.643898, 28.826794, 2, 3.985266, 1.717102, 4.406420, 3.119830, 0.390595, 2.774478, 135.946686, 0.988240, 2.568356, 0.667575, 3.265157
1763499365.589351, 228.542343, 554.298828, 781.588623, 782.841187, 76.766724, 29.193958, 2, 4.033088, 1.696056, 6.273483, 3.152216, 0.387621, 2.739960, 125.728615, 0.988240, 2.568356, 0.667575, 3.265157
1763499366.368484, 218.921371, 548.889221, 779.083557, 767.810608, 77.013565, 28.512419, 2, 3.994038, 1.735554, 5.152699, 3.111690, 0.379950, 2.805050, 132.014740, 0.988240, 2.568356, 0.667575, 3.265157
1763499367.142594, 233.887360, 557.721680, 774.073364, 791.609009, 77.512032, 29.545820, 2, 4.089072, 1.676377, 4.628127, 3.165241, 0.392083, 2.708025, 125.106483, 0.988240, 2.568356, 0.667575, 3.265157
1763499367.927977, 226.404358, 550.174072, 785.346252, 776.578430, 76.399422, 29.154089, 2, 4.099074, 1.698316, 4.806231, 3.219192, 0.384506, 2.743648, 127.663383, 0.988240, 2.568356, 0.667575, 3.265157
1763499368.709602, 216.783386, 553.532349, 781.588623, 770.315735, 76.766724, 28.142149, 2, 4.122427, 1.757814, 2.610074, 3.222042, 0.381065, 2.842319, 203.128891, 0.988240, 2.568356, 0.667575, 3.265157
1763499369.488735, 208.231384, 560.831787, 779.083557, 769.063171, 77.013565, 27.075979, 2, 4.054741, 1.825312, 2.242541, 3.158983, 0.380087, 2.957898, 194.085388, 0.988240, 2.568356, 0.667575, 3.265157
1763499370.246561, 210.369385, 549.925964, 757.790222, 760.295349, 79.177582, 27.669430, 2, 3.990888, 1.787099, 3.000957, 3.024256, 0.375951, 2.891989, 210.419540, 0.988240, 2.568356, 0.667575, 3.265157
1763499370.995620, 224.266357, 541.039185, 749.022461, 765.305542, 80.104408, 29.304159, 2, 4.046359, 1.689842, 3.670801, 3.030813, 0.378975, 2.729840, 163.485336, 0.988240, 2.568356, 0.667575, 3.265157
1763499371.760963, 221.059372, 540.488464, 765.305542, 761.547852, 78.400063, 29.027641, 2, 4.011196, 1.705523, 4.309178, 3.069790, 0.377022, 2.755441, 135.079895, 0.988240, 2.568356, 0.667575, 3.265157
1763499372.526306, 237.094315, 546.999451, 765.305542, 784.093750, 78.400063, 30.238005, 2, 3.904478, 1.639002, 5.733269, 2.988118, 0.388598, 2.648278, 100.486481, 0.988240, 2.568356, 0.667575, 3.265157
1763499373.296658, 229.611359, 531.936523, 770.315735, 761.547852, 77.890137, 30.150616, 2, 3.898521, 1.643626, 4.802763, 3.003092, 0.377395, 2.655605, 123.348717, 0.988240, 2.568356, 0.667575, 3.265157
1763499374.082053, 232.818344, 556.285583, 785.346252, 789.103943, 76.399422, 29.504141, 2, 3.901115, 1.678684, 4.506317, 3.063726, 0.390828, 2.711751, 129.044983, 0.988240, 2.568356, 0.667575, 3.265157
1763499374.868688, 215.714386, 550.843628, 786.598816, 766.558044, 76.277763, 28.140646, 2, 3.866053, 1.757905, 4.055008, 3.041033, 0.379205, 2.842473, 142.379639, 0.988240, 2.568356, 0.667575, 3.265157
1763499375.627768, 230.680344, 545.898071, 759.042786, 776.578430, 79.046928, 29.704708, 2, 4.024886, 1.667644, 5.106144, 3.055061, 0.384693, 2.693958, 121.115997, 0.988240, 2.568356, 0.667575, 3.265157
1763499376.414403, 230.680344, 555.918457, 786.598816, 786.598816, 76.277763, 29.326302, 2, 3.890390, 1.688599, 3.736908, 3.060176, 0.389527, 2.727819, 130.289261, 0.988240, 2.568356, 0.667575, 3.265157
1763499377.196041, 224.266357, 549.807007, 781.588623, 774.073364, 76.766724, 28.972235, 2, 3.861175, 1.708701, 6.149644, 3.017850, 0.383204, 2.760655, 122.627823, 0.988240, 2.568356, 0.667575, 3.265157
1763499377.977667, 216.783386, 556.037415, 781.588623, 772.820801, 76.766724, 28.050926, 2, 3.985596, 1.763388, 4.590462, 3.115096, 0.382273, 2.851717, 138.015259, 0.988240, 2.568356, 0.667575, 3.265157
1763499378.735493, 222.128372, 541.924622, 757.790222, 764.052979, 79.177582, 29.072376, 2, 3.965574, 1.702966, 4.034940, 3.005073, 0.378277, 2.751252, 126.699783, 0.988240, 2.568356, 0.667575, 3.265157
1763499379.503341, 225.335358, 546.232910, 767.810608, 771.568237, 78.144272, 29.204851, 2, 3.986442, 1.695439, 4.348466, 3.060832, 0.382042, 2.738954, 130.305603, 0.988240, 2.568356, 0.667575, 3.265157
1763499380.263673, 228.542343, 535.510620, 760.295349, 764.052979, 78.916702, 29.911846, 2, 4.108626, 1.656398, 4.810805, 3.123769, 0.378557, 2.675939, 115.492981, 0.988240, 2.568356, 0.667575, 3.265157
1763499381.049068, 226.404358, 556.436829, 785.346252, 782.841187, 76.399422, 28.920853, 2, 4.119786, 1.711660, 5.855301, 3.235459, 0.387527, 2.765516, 130.536743, 0.988240, 2.568356, 0.667575, 3.265157
1763499381.836956, 221.059372, 560.529236, 787.851379, 781.588623, 76.156494, 28.283340, 2, 4.118442, 1.749257, 3.731374, 3.244720, 0.386690, 2.827942, 162.419922, 0.988240, 2.568356, 0.667575, 3.265157
1763499382.612319, 221.059372, 554.266541, 775.325928, 775.325928, 77.386810, 28.511799, 2, 3.924754, 1.735590, 5.050366, 3.042963, 0.383668, 2.805111, 130.283020, 0.988240, 2.568356, 0.667575, 3.265157
1763499383.380166, 226.404358, 547.669006, 767.810608, 774.073364, 78.144272, 29.248438, 2, 3.912140, 1.692978, 5.798748, 3.003783, 0.383298, 2.734943, 112.526588, 0.988240, 2.568356, 0.667575, 3.265157
1763499384.155529, 217.852371, 547.453186, 775.325928, 765.305542, 77.386810, 28.466064, 2, 3.884483, 1.738308, 5.123260, 3.011741, 0.378695, 2.809640, 125.214333, 0.988240, 2.568356, 0.667575, 3.265157
1763499384.922136, 226.404358, 550.174072, 766.558044, 776.578430, 78.271957, 29.154089, 2, 3.731853, 1.698316, 4.730385, 2.860682, 0.384506, 2.743648, 118.444160, 0.988240, 2.568356, 0.667575, 3.265157
1763499385.681215, 221.059372, 531.720703, 759.042786, 752.780090, 79.046928, 29.365730, 2, 3.832469, 1.686390, 3.285746, 2.909008, 0.372792, 2.724233, 178.596344, 0.988240, 2.568356, 0.667575, 3.265157
1763499386.436537, 230.680344, 535.877686, 755.285217, 766.558044, 79.440186, 30.093006, 2, 3.912019, 1.646689, 4.644063, 2.954690, 0.379859, 2.660469, 119.649231, 0.988240, 2.568356, 0.667575, 3.265157
1763499387.208141, 225.335358, 539.970215, 771.568237, 765.305542, 77.763702, 29.443842, 2, 3.914772, 1.682032, 4.162725, 3.020514, 0.379021, 2.717168, 129.652679, 0.988240, 2.568356, 0.667575, 3.265157
1763499387.973485, 225.335358, 539.970215, 765.305542, 765.305542, 78.400063, 29.443842, 2, 3.937414, 1.682032, 3.566883, 3.013325, 0.379021, 2.717168, 168.210449, 0.988240, 2.568356, 0.667575, 3.265157
1763499388.732576, 225.335358, 533.707397, 759.042786, 759.042786, 79.046928, 29.686779, 2, 3.996596, 1.668625, 3.464920, 3.033587, 0.376000, 2.695534, 185.742004, 0.988240, 2.568356, 0.667575, 3.265157
1763499389.485393, 234.956345, 529.096619, 752.780090, 764.052979, 79.704552, 30.751314, 2, 4.045502, 1.612372, 4.720203, 3.045373, 0.378837, 2.606431, 110.422653, 0.988240, 2.568356, 0.667575, 3.265157
1763499390.265765, 224.266357, 543.544250, 780.336121, 767.810608, 76.889946, 29.208553, 2, 4.006680, 1.695230, 2.930129, 3.126557, 0.380183, 2.738613, 152.636124, 0.988240, 2.568356, 0.667575, 3.265157
1763499391.052401, 228.542343, 563.066650, 786.598816, 791.609009, 76.277763, 28.870609, 2, 3.935396, 1.714563, 3.797628, 3.095578, 0.391850, 2.770293, 120.223167, 0.988240, 2.568356, 0.667575, 3.265157
1763499391.837784, 234.956345, 557.905212, 785.346252, 792.861572, 76.399422, 29.633968, 2, 3.891926, 1.671521, 5.019674, 3.056509, 0.392734, 2.700194, 112.683197, 0.988240, 2.568356, 0.667575, 3.265157
1763499392.615663, 227.473358, 541.589844, 777.830994, 769.063171, 77.137581, 29.577980, 2, 4.004455, 1.674602, 3.801575, 3.114789, 0.380927, 2.705160, 162.214172, 0.988240, 2.568356, 0.667575, 3.265157
1763499393.399795, 219.990372, 555.335571, 784.093750, 775.325928, 76.521461, 28.373920, 2, 3.982556, 1.743812, 4.065337, 3.122698, 0.383622, 2.818827, 145.666245, 0.988240, 2.568356, 0.667575, 3.265157
1763499394.148854, 224.266357, 529.766296, 749.022461, 754.032654, 80.104408, 29.742262, 2, 4.057961, 1.665594, 5.553874, 3.039504, 0.373537, 2.690664, 118.134933, 0.988240, 2.568356, 0.667575, 3.265157
1763499394.939247, 226.404358, 566.457214, 790.356445, 792.861572, 75.915115, 28.555346, 2, 3.861018, 1.733010, 3.597796, 3.051580, 0.392361, 2.800819, 189.644058, 0.988240, 2.568356, 0.667575, 3.265157
1763499395.707106, 221.059372, 540.488464, 767.810608, 761.547852, 78.144272, 29.027641, 2, 3.921281, 1.705523, 4.095439, 3.010801, 0.377022, 2.755441, 143.244598, 0.988240, 2.568356, 0.667575, 3.265157
1763499396.487479, 207.162384, 556.890625, 780.336121, 764.052979, 76.889946, 27.113617, 2, 3.970387, 1.822839, 1.945837, 3.098237, 0.377624, 2.953594, 231.951736, 0.988240, 2.568356, 0.667575, 3.265157
1763499397.235285, 222.128372, 543.177185, 747.769897, 765.305542, 80.238586, 29.024796, 2, 3.983858, 1.705686, 4.099718, 2.979009, 0.378881, 2.755708, 122.283852, 0.988240, 2.568356, 0.667575, 3.265157
1763499398.024426, 219.990372, 566.608459, 789.103943, 786.598816, 76.035614, 27.967289, 2, 3.881372, 1.768531, 1.856933, 3.062806, 0.389060, 2.860412, 215.977493, 0.988240, 2.568356, 0.667575, 3.265157
1763499398.786011, 219.990372, 541.557495, 761.547852, 761.547852, 78.786911, 28.887268, 2, 3.913647, 1.713599, 4.580945, 2.980429, 0.376975, 2.768706, 133.525696, 0.988240, 2.568356, 0.667575, 3.265157
1763499399.573911, 226.404358, 568.962280, 787.851379, 795.366638, 76.156494, 28.465408, 2, 3.862907, 1.738348, 2.762355, 3.043397, 0.393569, 2.809705, 191.274368, 0.988240, 2.568356, 0.667575, 3.265157
1763499400.339253, 230.680344, 539.635376, 765.305542, 770.315735, 78.400063, 29.946209, 2, 3.835979, 1.654547, 3.554119, 2.935696, 0.381672, 2.672984, 146.158920, 0.988240, 2.568356, 0.667575, 3.265157
1763499401.120879, 215.714386, 548.338623, 781.588623, 764.052979, 76.766724, 28.232908, 2, 3.830457, 1.752303, 3.608052, 2.993842, 0.377997, 2.833054, 202.181839, 0.988240, 2.568356, 0.667575, 3.265157
1763499401.887473, 225.335358, 552.495605, 766.558044, 777.830994, 78.271957, 28.969707, 2, 3.829182, 1.708847, 4.336255, 2.935290, 0.385064, 2.760893, 126.557777, 0.988240, 2.568356, 0.667575, 3.265157
1763499402.667846, 221.059372, 554.266541, 780.336121, 775.325928, 76.889946, 28.511799, 2, 3.868724, 1.735590, 3.092223, 3.018905, 0.383668, 2.805111, 176.945267, 0.988240, 2.568356, 0.667575, 3.265157
1763499403.433200, 223.197357, 544.613281, 765.305542, 767.810608, 78.400063, 29.069324, 2, 3.915196, 1.703140, 3.179799, 2.996321, 0.380136, 2.751537, 149.648682, 0.988240, 2.568356, 0.667575, 3.265157
1763499404.212321, 227.473358, 556.620361, 779.083557, 784.093750, 77.013565, 29.010990, 2, 3.840377, 1.706477, 5.530634, 2.991975, 0.388178, 2.757005, 138.475266, 0.988240, 2.568356, 0.667575, 3.265157
1763499405.003967, 222.128372, 563.217896, 791.609009, 785.346252, 75.794991, 28.284132, 2, 3.741479, 1.749209, 3.373654, 2.961789, 0.388549, 2.827862, 177.377945, 0.988240, 2.568356, 0.667575, 3.265157
1763499405.770562, 223.197357, 544.613281, 766.558044, 767.810608, 78.271957, 29.069324, 2, 4.042351, 1.703140, 3.399182, 3.098697, 0.380136, 2.751537, 166.010452, 0.988240, 2.568356, 0.667575, 3.265157
1763499406.539674, 222.128372, 545.682251, 769.063171, 767.810608, 78.016998, 28.930101, 2, 4.099994, 1.711126, 5.279046, 3.153155, 0.380090, 2.764639, 123.542862, 0.988240, 2.568356, 0.667575, 3.265157
1763499407.327561, 224.266357, 566.090088, 787.851379, 790.356445, 76.156494, 28.375343, 2, 3.996580, 1.743727, 2.796810, 3.148711, 0.391059, 2.818685, 204.447189, 0.988240, 2.568356, 0.667575, 3.265157
1763499408.102924, 218.921371, 550.141785, 775.325928, 769.063171, 77.386810, 28.465981, 2, 3.906160, 1.738313, 1.941927, 3.028547, 0.380554, 2.809648, 188.191650, 0.988240, 2.568356, 0.667575, 3.265157
1763499408.875781, 222.128372, 554.450073, 772.820801, 776.578430, 77.637665, 28.603470, 2, 3.945098, 1.730168, 2.844324, 3.048854, 0.384319, 2.796097, 197.821793, 0.988240, 2.568356, 0.667575, 3.265157
1763499409.644881, 222.128372, 546.934814, 769.063171, 769.063171, 78.016998, 28.882980, 2, 3.956766, 1.713847, 3.514205, 3.043003, 0.380694, 2.769114, 147.010147, 0.988240, 2.568356, 0.667575, 3.265157
1763499410.430277, 222.128372, 563.217896, 785.346252, 785.346252, 76.399422, 28.284132, 2, 4.000968, 1.749209, 2.825879, 3.142145, 0.388549, 2.827862, 175.709122, 0.988240, 2.568356, 0.667575, 3.265157
1763499411.214407, 212.507385, 560.313416, 784.093750, 772.820801, 76.521461, 27.497629, 2, 3.997118, 1.797992, 2.322223, 3.134115, 0.382087, 2.910651, 194.597061, 0.988240, 2.568356, 0.667575, 3.265157
1763499411.994780, 219.990372, 569.113586, 780.336121, 789.103943, 76.889946, 27.878506, 2, 4.028854, 1.774024, 3.916966, 3.143860, 0.390268, 2.869723, 139.954758, 0.988240, 2.568356, 0.667575, 3.265157
1763499412.777658, 222.128372, 563.217896, 782.841187, 785.346252, 76.643898, 28.284132, 2, 4.012781, 1.749209, 2.347419, 3.141370, 0.388549, 2.827862, 201.227951, 0.988240, 2.568356, 0.667575, 3.265157
1763499413.544265, 232.818344, 546.265198, 766.558044, 779.083557, 78.271957, 29.883617, 2, 3.955958, 1.657921, 4.747908, 3.032472, 0.385995, 2.678373, 135.994568, 0.988240, 2.568356, 0.667575, 3.265157
1763499414.313364, 223.197357, 534.592896, 769.063171, 757.790222, 78.016998, 29.453712, 2, 3.989318, 1.681483, 3.216689, 3.068037, 0.375303, 2.716279, 114.402191, 0.988240, 2.568356, 0.667575, 3.265157
1763499415.074949, 227.473358, 539.084717, 761.547852, 766.558044, 78.786911, 29.674643, 2, 4.005800, 1.669289, 5.542069, 3.050609, 0.379719, 2.696603, 117.945107, 0.988240, 2.568356, 0.667575, 3.265157
1763499415.852817, 229.611359, 550.724731, 777.830994, 780.336121, 77.137581, 29.424673, 2, 3.902274, 1.683100, 3.116164, 3.035310, 0.386459, 2.718897, 175.083511, 0.988240, 2.568356, 0.667575, 3.265157
1763499416.629445, 227.473358, 546.599976, 776.578430, 774.073364, 77.261993, 29.386538, 2, 3.919908, 1.685227, 4.658671, 3.044116, 0.383344, 2.722346, 131.128067, 0.988240, 2.568356, 0.667575, 3.265157
1763499417.401049, 228.542343, 544.278442, 771.568237, 772.820801, 77.763702, 29.572491, 2, 3.930947, 1.674905, 4.707514, 3.032994, 0.382787, 2.705648, 117.825462, 0.988240, 2.568356, 0.667575, 3.265157
1763499418.192695, 216.783386, 561.047607, 791.609009, 777.830994, 75.794991, 27.870243, 2, 3.830027, 1.774537, 2.365200, 3.031883, 0.384690, 2.870594, 179.980148, 0.988240, 2.568356, 0.667575, 3.265157
1763499418.979330, 217.852371, 569.999023, 786.598816, 787.851379, 76.277763, 27.651457, 2, 3.893888, 1.788233, 1.344830, 3.062928, 0.389571, 2.893926, 220.408478, 0.988240, 2.568356, 0.667575, 3.265157
1763499419.747178, 226.404358, 551.426636, 767.810608, 777.830994, 78.144272, 29.107141, 2, 4.013663, 1.700984, 4.164459, 3.081733, 0.385110, 2.748009, 132.442245, 0.988240, 2.568356, 0.667575, 3.265157
1763499420.532574, 222.128372, 558.207764, 785.346252, 780.336121, 76.399422, 28.465731, 2, 4.013261, 1.738328, 2.997859, 3.151800, 0.386132, 2.809673, 204.605896, 0.988240, 2.568356, 0.667575, 3.265157
1763499421.311694, 211.438385, 555.119629, 779.083557, 766.558044, 77.013565, 27.582827, 2, 4.001527, 1.792573, 3.204109, 3.117524, 0.379019, 2.901355, 187.249252, 0.988240, 2.568356, 0.667575, 3.265157
1763499422.078288, 219.990372, 556.588074, 766.558044, 776.578430, 78.271957, 28.328159, 2, 3.964570, 1.746558, 3.510109, 3.039073, 0.384226, 2.823422, 149.024261, 0.988240, 2.568356, 0.667575, 3.265157
1763499422.859914, 223.197357, 562.148926, 781.588623, 785.346252, 76.766724, 28.420248, 2, 3.994276, 1.741040, 3.274384, 3.121881, 0.388596, 2.814198, 137.294403, 0.988240, 2.568356, 0.667575, 3.265157
1763499423.646561, 229.611359, 564.502808, 786.598816, 794.114136, 76.277763, 28.914150, 2, 3.992623, 1.712046, 2.488965, 3.140593, 0.393105, 2.766151, 155.031357, 0.988240, 2.568356, 0.667575, 3.265157
1763499424.426934, 222.128372, 549.439880, 780.336121, 771.568237, 76.889946, 28.789207, 2, 3.944868, 1.719287, 1.863721, 3.078323, 0.381902, 2.778083, 156.317276, 0.988240, 2.568356, 0.667575, 3.265157
1763499425.226095, 221.059372, 576.812378, 799.124329, 797.871765, 75.082184, 27.706129, 2, 3.940560, 1.784790, 1.747518, 3.148997, 0.394545, 2.888046, 184.481949, 0.988240, 2.568356, 0.667575, 3.265157
1763499426.000205, 239.232315, 556.134338, 774.073364, 795.366638, 77.512032, 30.078243, 2, 3.929388, 1.647476, 4.003178, 3.041635, 0.394130, 2.661720, 153.134613, 0.988240, 2.568356, 0.667575, 3.265157
1763499426.786853, 239.232315, 547.366516, 786.598816, 786.598816, 76.277763, 30.413511, 2, 3.862920, 1.629796, 4.629934, 3.038568, 0.389900, 2.633743, 125.113602, 0.988240, 2.568356, 0.667575, 3.265157
1763499427.563468, 234.956345, 536.611877, 776.578430, 771.568237, 77.261993, 30.451790, 2, 4.019638, 1.627802, 6.627144, 3.121564, 0.382463, 2.630605, 111.586304, 0.988240, 2.568356, 0.667575, 3.265157
1763499428.360124, 229.611359, 560.745117, 796.619202, 790.356445, 75.318298, 29.051620, 2, 3.956429, 1.704152, 4.236321, 3.151767, 0.391293, 2.753193, 141.615555, 0.988240, 2.568356, 0.667575, 3.265157
1763499429.135499, 237.094315, 546.999451, 775.325928, 784.093750, 77.386810, 30.238005, 2, 3.922805, 1.639002, 6.573175, 3.041452, 0.388598, 2.648278, 109.079399, 0.988240, 2.568356, 0.667575, 3.265157
1763499429.908356, 234.956345, 535.359375, 772.820801, 770.315735, 77.637665, 30.501303, 2, 3.881080, 1.625231, 4.208138, 2.999379, 0.381858, 2.626562, 116.333801, 0.988240, 2.568356, 0.667575, 3.265157
1763499430.702507, 229.611359, 558.239990, 794.114136, 787.851379, 75.555893, 29.143995, 2, 3.767529, 1.698889, 4.292873, 2.991848, 0.390084, 2.744584, 123.648216, 0.988240, 2.568356, 0.667575, 3.265157
1763499431.475364, 217.852371, 541.190430, 772.820801, 759.042786, 77.637665, 28.700933, 2, 3.930855, 1.724441, 2.649767, 3.037846, 0.375674, 2.786603, 170.172623, 0.988240, 2.568356, 0.667575, 3.265157
1763499432.262013, 218.921371, 568.929993, 786.598816, 787.851379, 76.277763, 27.787140, 2, 3.990199, 1.779714, 2.280390, 3.138686, 0.389617, 2.879395, 172.174561, 0.988240, 2.568356, 0.667575, 3.265157
1763499433.039880, 229.611359, 560.745117, 777.830994, 790.356445, 77.137581, 29.051620, 2, 3.980847, 1.704152, 3.718832, 3.096426, 0.391293, 2.753193, 124.179398, 0.988240, 2.568356, 0.667575, 3.265157
1763499433.826516, 225.335358, 556.253296, 786.598816, 781.588623, 76.277763, 28.830429, 2, 3.951992, 1.716891, 2.821747, 3.108632, 0.386876, 2.774130, 125.821144, 0.988240, 2.568356, 0.667575, 3.265157
1763499434.610646, 217.852371, 557.473572, 784.093750, 775.325928, 76.521461, 28.098166, 2, 3.864318, 1.760497, 1.906365, 3.029987, 0.383528, 2.846839, 192.061905, 0.988240, 2.568356, 0.667575, 3.265157
1763499435.387273, 228.542343, 560.561584, 776.578430, 789.103943, 77.261993, 28.962261, 2, 3.899875, 1.709275, 4.065485, 3.028559, 0.390642, 2.761596, 132.830521, 0.988240, 2.568356, 0.667575, 3.265157
1763499436.163888, 237.094315, 549.504517, 776.578430, 786.598816, 77.261993, 30.141708, 2, 4.048023, 1.644099, 3.732739, 3.143607, 0.389807, 2.656355, 141.151733, 0.988240, 2.568356, 0.667575, 3.265157
1763499436.970564, 221.059372, 566.791992, 806.639587, 787.851379, 74.382660, 28.058512, 2, 3.928674, 1.762923, 1.165214, 3.169024, 0.389711, 2.850932, 217.822617, 0.988240, 2.568356, 0.667575, 3.265157
1763499437.748433, 222.128372, 556.955200, 777.830994, 779.083557, 77.137581, 28.511494, 2, 3.975064, 1.735608, 2.576394, 3.091928, 0.385528, 2.805141, 224.943985, 0.988240, 2.568356, 0.667575, 3.265157
1763499438.526313, 227.473358, 556.620361, 777.830994, 784.093750, 77.137581, 29.010990, 2, 3.978560, 1.706477, 3.146192, 3.094647, 0.388178, 2.757005, 178.350494, 0.988240, 2.568356, 0.667575, 3.265157
1763499439.292907, 238.163330, 540.920227, 766.558044, 779.083557, 78.271957, 30.569679, 2, 3.897519, 1.621693, 4.678408, 2.987674, 0.386228, 2.621010, 121.485565, 0.988240, 2.568356, 0.667575, 3.265157
1763499440.056997, 227.473358, 524.054199, 764.052979, 751.527588, 78.528587, 30.268133, 2, 3.574585, 1.637414, 8.205730, 2.731173, 0.372468, 2.645766, 122.052589, 0.988240, 2.568356, 0.667575, 3.265157
1763499440.828602, 241.370316, 546.481079, 771.568237, 787.851379, 77.763702, 30.636528, 2, 3.539070, 1.618250, 7.981477, 2.730634, 0.390597, 2.615616, 120.615021, 0.988240, 2.568356, 0.667575, 3.265157
1763499441.603964, 228.542343, 531.752991, 775.325928, 760.295349, 77.386810, 30.059681, 2, 3.928154, 1.648466, 5.264844, 3.045600, 0.376744, 2.663295, 111.550034, 0.988240, 2.568356, 0.667575, 3.265157
1763499442.389359, 222.128372, 555.702637, 785.346252, 777.830994, 76.399422, 28.557407, 2, 3.821901, 1.732888, 3.888008, 3.001516, 0.384924, 2.800616, 126.235741, 0.988240, 2.568356, 0.667575, 3.265157
1763499443.149692, 228.542343, 539.268250, 760.295349, 767.810608, 78.916702, 29.765457, 2, 3.893707, 1.664330, 4.161878, 2.960367, 0.380370, 2.688636, 123.188255, 0.988240, 2.568356, 0.667575, 3.265157
1763499443.933822, 228.542343, 555.551392, 784.093750, 784.093750, 76.521461, 29.147324, 2, 3.912028, 1.698699, 3.513577, 3.067397, 0.388225, 2.744275, 124.837227, 0.988240, 2.568356, 0.667575, 3.265157
1763499444.695407, 229.611359, 533.189087, 761.547852, 762.800415, 78.786911, 30.101105, 2, 3.945494, 1.646258, 3.782688, 3.004682, 0.378000, 2.659784, 153.675308, 0.988240, 2.568356, 0.667575, 3.265157
1763499445.458244, 233.887360, 533.923218, 762.800415, 767.810608, 78.657532, 30.461594, 2, 3.844780, 1.627293, 4.232189, 2.932800, 0.380603, 2.629803, 119.789528, 0.988240, 2.568356, 0.667575, 3.265157
1763499446.223598, 226.404358, 530.133362, 765.305542, 756.537720, 78.400063, 29.926380, 2, 3.935971, 1.655615, 3.273425, 3.012220, 0.374838, 2.674688, 210.701584, 0.988240, 2.568356, 0.667575, 3.265157
1763499446.977667, 218.921371, 526.343445, 754.032654, 745.264832, 79.572151, 29.374977, 2, 4.055754, 1.685873, 3.297071, 3.058171, 0.369074, 2.723394, 152.143448, 0.988240, 2.568356, 0.667575, 3.265157
1763499447.737999, 230.680344, 543.393005, 760.295349, 774.073364, 78.916702, 29.800838, 2, 4.211480, 1.662405, 6.172441, 3.201969, 0.383484, 2.685551, 120.413910, 0.988240, 2.568356, 0.667575, 3.265157
1763499448.523383, 229.611359, 554.482422, 785.346252, 784.093750, 76.399422, 29.283661, 2, 3.985165, 1.690994, 4.650482, 3.129735, 0.388271, 2.731714, 138.351303, 0.988240, 2.568356, 0.667575, 3.265157
1763499449.289978, 228.542343, 536.763184, 766.558044, 765.305542, 78.271957, 29.862890, 2, 3.998158, 1.659042, 5.307230, 3.064820, 0.379161, 2.680165, 140.052155, 0.988240, 2.568356, 0.667575, 3.265157
1763499450.055320, 222.128372, 535.661865, 765.305542, 757.790222, 78.400063, 29.312647, 2, 4.047462, 1.689365, 4.599353, 3.097545, 0.375256, 2.729065, 153.725296, 0.988240, 2.568356, 0.667575, 3.265157
1763499450.823179, 222.128372, 545.682251, 767.810608, 767.810608, 78.144272, 28.930101, 2, 4.101478, 1.711126, 7.826762, 3.149158, 0.380090, 2.764639, 170.889328, 0.988240, 2.568356, 0.667575, 3.265157
1763499451.601047, 217.852371, 554.968445, 777.830994, 772.820801, 77.137581, 28.189247, 2, 3.998619, 1.754950, 2.837536, 3.110250, 0.382320, 2.837500, 184.998367, 0.988240, 2.568356, 0.667575, 3.265157
1763499452.385177, 217.852371, 566.241394, 784.093750, 784.093750, 76.521461, 27.783970, 2, 4.071511, 1.779912, 3.296998, 3.192446, 0.387758, 2.879732, 182.814590, 0.988240, 2.568356, 0.667575, 3.265157
1763499453.170560, 219.990372, 567.861023, 785.346252, 787.851379, 76.399422, 27.922827, 2, 4.027435, 1.771278, 3.899259, 3.162931, 0.389664, 2.865064, 157.409973, 0.988240, 2.568356, 0.667575, 3.265157
1763499453.939673, 222.128372, 549.439880, 769.063171, 771.568237, 78.016998, 28.789207, 2, 4.082085, 1.719287, 1.938976, 3.139381, 0.381902, 2.778083, 205.391052, 0.988240, 2.568356, 0.667575, 3.265157
1763499454.706267, 225.335358, 544.980347, 766.558044, 770.315735, 78.271957, 29.252338, 2, 4.062283, 1.692758, 2.253018, 3.113976, 0.381438, 2.734585, 230.805527, 0.988240, 2.568356, 0.667575, 3.265157
1763499455.476620, 225.335358, 544.980347, 770.315735, 770.315735, 77.890137, 29.252338, 2, 4.023932, 1.692758, 2.745090, 3.099699, 0.381438, 2.734585, 185.537491, 0.988240, 2.568356, 0.667575, 3.265157
1763499456.249477, 229.611359, 548.219604, 772.820801, 777.830994, 77.637665, 29.519442, 2, 4.060813, 1.677836, 3.738642, 3.138281, 0.385250, 2.710381, 116.801994, 0.988240, 2.568356, 0.667575, 3.265157
1763499457.037377, 221.059372, 556.771606, 787.851379, 777.830994, 76.156494, 28.419975, 2, 3.863059, 1.741057, 1.209776, 3.043517, 0.384877, 2.814225, 194.220261, 0.988240, 2.568356, 0.667575, 3.265157
1763499457.793952, 232.818344, 537.497375, 756.537720, 770.315735, 79.308670, 30.223755, 2, 3.686327, 1.639755, 2.997564, 2.788846, 0.381765, 2.649468, 167.931870, 0.988240, 2.568356, 0.667575, 3.265157
1763499458.554283, 228.542343, 526.742859, 760.295349, 755.285217, 78.916702, 30.259079, 2, 3.750391, 1.637891, 1.723355, 2.851405, 0.374328, 2.646520, 187.821030, 0.988240, 2.568356, 0.667575, 3.265157
1763499459.333405, 217.852371, 548.705688, 779.083557, 766.558044, 77.013565, 28.419554, 2, 3.755985, 1.741082, 2.741069, 2.926227, 0.379299, 2.814267, 172.937943, 0.988240, 2.568356, 0.667575, 3.265157
1763499460.103757, 217.852371, 552.463379, 770.315735, 770.315735, 77.890137, 28.280920, 2, 4.019436, 1.749403, 3.841564, 3.096235, 0.381112, 2.828187, 131.224228, 0.988240, 2.568356, 0.667575, 3.265157
1763499460.881637, 212.507385, 559.060852, 777.830994, 771.568237, 77.137581, 27.542267, 2, 4.059404, 1.795149, 3.756828, 3.157530, 0.381482, 2.905770, 127.018303, 0.988240, 2.568356, 0.667575, 3.265157
1763499461.650736, 226.404358, 558.941895, 769.063171, 785.346252, 78.016998, 28.828604, 2, 4.035018, 1.716997, 4.522401, 3.103184, 0.388736, 2.774305, 132.793396, 0.988240, 2.568356, 0.667575, 3.265157
1763499462.429856, 225.335358, 552.495605, 779.083557, 777.830994, 77.013565, 28.969707, 2, 4.121461, 1.708847, 4.318511, 3.210963, 0.385064, 2.760893, 131.587952, 0.988240, 2.568356, 0.667575, 3.265157
1763499463.207724, 221.059372, 551.761414, 777.830994, 772.820801, 77.137581, 28.604221, 2, 4.249781, 1.730123, 4.916752, 3.305612, 0.382460, 2.796023, 140.000641, 0.988240, 2.568356, 0.667575, 3.265157
1763499463.980581, 221.059372, 551.761414, 772.820801, 772.820801, 77.637665, 28.604221, 2, 4.118688, 1.730123, 4.516277, 3.183007, 0.382460, 2.796023, 139.210968, 0.988240, 2.568356, 0.667575, 3.265157
1763499464.745937, 222.128372, 544.429688, 765.305542, 766.558044, 78.400063, 28.977371, 2, 4.126706, 1.708406, 4.179843, 3.158191, 0.379486, 2.760170, 170.847168, 0.988240, 2.568356, 0.667575, 3.265157
1763499465.515036, 216.783386, 546.017029, 769.063171, 762.800415, 78.016998, 28.419411, 2, 4.167324, 1.741090, 3.921910, 3.204936, 0.377439, 2.814281, 162.843063, 0.988240, 2.568356, 0.667575, 3.265157
1763499466.297914, 225.335358, 567.526245, 782.841187, 792.861572, 76.643898, 28.420517, 2, 4.040781, 1.741024, 3.855324, 3.163290, 0.392314, 2.814171, 128.710876, 0.988240, 2.568356, 0.667575, 3.265157
1763499467.075782, 214.645386, 550.660156, 777.830994, 765.305542, 77.137581, 28.047020, 2, 3.990754, 1.763628, 3.104544, 3.104132, 0.378555, 2.852122, 146.349335, 0.988240, 2.568356, 0.667575, 3.265157
1763499467.861177, 216.783386, 571.067993, 785.346252, 787.851379, 76.399422, 27.515772, 2, 3.918786, 1.796835, 2.095241, 3.077604, 0.389524, 2.908664, 180.565903, 0.988240, 2.568356, 0.667575, 3.265157
1763499468.615246, 224.266357, 538.534058, 754.032654, 762.800415, 79.572151, 29.400400, 2, 4.055809, 1.684453, 3.266232, 3.058213, 0.377766, 2.721090, 176.998978, 0.988240, 2.568356, 0.667575, 3.265157
1763499469.399376, 223.197357, 559.643799, 784.093750, 782.841187, 76.521461, 28.511194, 2, 3.983743, 1.735626, 3.591599, 3.123628, 0.387387, 2.805171, 183.931992, 0.988240, 2.568356, 0.667575, 3.265157
1763499470.170982, 230.680344, 549.655762, 771.568237, 780.336121, 77.763702, 29.561666, 2, 3.980649, 1.675502, 3.705773, 3.071342, 0.386505, 2.706612, 146.311432, 0.988240, 2.568356, 0.667575, 3.265157
1763499470.945092, 227.473358, 542.842407, 774.073364, 770.315735, 77.512032, 29.529888, 2, 3.964749, 1.677258, 4.588581, 3.069007, 0.381532, 2.709447, 117.449638, 0.988240, 2.568356, 0.667575, 3.265157
1763499471.739255, 222.128372, 565.723022, 794.114136, 787.851379, 75.555893, 28.194199, 2, 3.983631, 1.754649, 3.258448, 3.163458, 0.389757, 2.836995, 194.607132, 0.988240, 2.568356, 0.667575, 3.265157
1763499472.509607, 226.404358, 548.921570, 770.315735, 775.325928, 77.890137, 29.201185, 2, 3.985242, 1.695647, 3.898079, 3.069895, 0.383902, 2.739293, 127.517525, 0.988240, 2.568356, 0.667575, 3.265157
1763499473.286222, 224.266357, 549.807007, 776.578430, 774.073364, 77.261993, 28.972235, 2, 4.003010, 1.708701, 4.307739, 3.108651, 0.383204, 2.760655, 123.831017, 0.988240, 2.568356, 0.667575, 3.265157
1763499474.070352, 218.921371, 558.909607, 784.093750, 777.830994, 76.521461, 28.145107, 2, 3.912357, 1.757634, 3.774314, 3.067655, 0.384784, 2.842015, 133.094620, 0.988240, 2.568356, 0.667575, 3.265157
1763499474.855748, 216.783386, 566.057800, 785.346252, 782.841187, 76.399422, 27.691874, 2, 3.853672, 1.785686, 3.965956, 3.026467, 0.387107, 2.889576, 130.146423, 0.988240, 2.568356, 0.667575, 3.265157
1763499475.637374, 206.093384, 562.969788, 781.588623, 769.063171, 76.766724, 26.797977, 2, 4.013312, 1.843795, 1.333099, 3.136759, 0.379994, 2.990221, 184.575882, 0.988240, 2.568356, 0.667575, 3.265157
1763499476.407726, 212.507385, 565.323608, 770.315735, 777.830994, 77.890137, 27.320511, 2, 3.980180, 1.809366, 3.765682, 3.065995, 0.384504, 2.930243, 137.332687, 0.988240, 2.568356, 0.667575, 3.265157
1763499477.164300, 225.335358, 546.232910, 756.537720, 771.568237, 79.308670, 29.204851, 2, 3.973482, 1.695439, 3.175003, 3.006089, 0.382042, 2.738954, 172.837753, 0.988240, 2.568356, 0.667575, 3.265157
1763499477.947178, 218.921371, 556.404541, 782.841187, 775.325928, 76.643898, 28.236044, 2, 3.893974, 1.752114, 3.980269, 3.048363, 0.383575, 2.832736, 176.055740, 0.988240, 2.568356, 0.667575, 3.265157
1763499478.711280, 222.128372, 545.682251, 764.052979, 767.810608, 78.528587, 28.930101, 2, 3.869557, 1.711126, 3.377676, 2.956547, 0.380090, 2.764639, 126.228020, 0.988240, 2.568356, 0.667575, 3.265157
1763499479.480380, 214.645386, 545.649963, 769.063171, 760.295349, 78.016998, 28.231842, 2, 4.030753, 1.752368, 3.628710, 3.099903, 0.376138, 2.833162, 168.427338, 0.988240, 2.568356, 0.667575, 3.265157
1763499480.256995, 225.335358, 563.768555, 776.578430, 789.103943, 77.261993, 28.555853, 2, 3.972190, 1.732980, 4.416933, 3.084717, 0.390502, 2.800769, 121.633560, 0.988240, 2.568356, 0.667575, 3.265157
1763499481.046136, 222.128372, 563.217896, 789.103943, 785.346252, 76.035614, 28.284132, 2, 3.951292, 1.749209, 3.907412, 3.117980, 0.388549, 2.827862, 137.442474, 0.988240, 2.568356, 0.667575, 3.265157
1763499481.829026, 221.059372, 560.529236, 782.841187, 781.588623, 76.643898, 28.283340, 2, 4.056257, 1.749257, 2.854948, 3.175405, 0.386690, 2.827942, 177.793640, 0.988240, 2.568356, 0.667575, 3.265157
1763499482.605641, 213.576385, 554.234253, 776.578430, 767.810608, 77.261993, 27.816284, 2, 4.057398, 1.777895, 2.609594, 3.150888, 0.379716, 2.876300, 212.988815, 0.988240, 2.568356, 0.667575, 3.265157
1763499483.372236, 213.576385, 552.981689, 766.558044, 766.558044, 78.271957, 27.861738, 2, 4.083304, 1.775066, 2.124494, 3.130090, 0.379112, 2.871491, 164.986496, 0.988240, 2.568356, 0.667575, 3.265157
1763499484.147598, 205.024399, 560.281128, 775.325928, 765.305542, 77.386810, 26.789873, 2, 4.085027, 1.844339, 1.164734, 3.167227, 0.378135, 2.991178, 189.688339, 0.988240, 2.568356, 0.667575, 3.265157
1763499484.901667, 218.921371, 551.394348, 754.032654, 770.315735, 79.572151, 28.419695, 2, 4.117642, 1.741073, 2.698794, 3.104837, 0.381158, 2.814252, 182.084778, 0.988240, 2.568356, 0.667575, 3.265157
1763499485.682052, 216.783386, 561.047607, 780.336121, 777.830994, 76.889946, 27.870243, 2, 4.077077, 1.774537, 3.778077, 3.181491, 0.384690, 2.870594, 190.702194, 0.988240, 2.568356, 0.667575, 3.265157
1763499486.453658, 227.473358, 556.620361, 771.568237, 784.093750, 77.763702, 29.010990, 2, 4.083129, 1.706477, 5.113632, 3.150413, 0.388178, 2.757005, 112.363922, 0.988240, 2.568356, 0.667575, 3.265157
1763499487.254071, 219.990372, 571.618652, 800.376831, 791.609009, 74.964691, 27.790281, 2, 3.968624, 1.779518, 2.177468, 3.176394, 0.391477, 2.879060, 182.492661, 0.988240, 2.568356, 0.667575, 3.265157
1763499488.030686, 221.059372, 556.771606, 776.578430, 777.830994, 77.261993, 28.419975, 2, 3.664870, 1.741057, 6.381902, 2.846059, 0.384877, 2.814225, 143.698318, 0.988240, 2.568356, 0.667575, 3.265157
1763499488.816081, 213.576385, 563.002075, 785.346252, 776.578430, 76.399422, 27.502230, 2, 3.647744, 1.797699, 2.859559, 2.864743, 0.383946, 2.910146, 191.984451, 0.988240, 2.568356, 0.667575, 3.265157
1763499489.598959, 217.852371, 569.999023, 782.841187, 787.851379, 76.643898, 27.651457, 2, 4.200239, 1.788233, 2.424777, 3.288120, 0.389571, 2.893926, 226.874557, 0.988240, 2.568356, 0.667575, 3.265157
1763499490.374322, 223.197357, 558.391235, 775.325928, 781.588623, 77.386810, 28.556883, 2, 4.189061, 1.732919, 3.298916, 3.247887, 0.386783, 2.800668, 117.913986, 0.988240, 2.568356, 0.667575, 3.265157
1763499491.159705, 227.473358, 562.883057, 785.346252, 790.356445, 76.399422, 28.781111, 2, 4.204711, 1.719758, 3.470748, 3.302154, 0.391199, 2.778862, 192.212082, 0.988240, 2.568356, 0.667575, 3.265157
1763499491.931323, 228.542343, 544.278442, 771.568237, 772.820801, 77.763702, 29.572491, 2, 4.016494, 1.674905, 4.665201, 3.099000, 0.382787, 2.705648, 131.019302, 0.988240, 2.568356, 0.667575, 3.265157
1763499492.714200, 214.645386, 551.912659, 782.841187, 766.558044, 76.643898, 28.001192, 2, 4.170903, 1.766443, 4.600976, 3.265155, 0.379159, 2.856878, 139.309296, 0.988240, 2.568356, 0.667575, 3.265157
1763499493.490815, 221.059372, 563.034363, 776.578430, 784.093750, 77.261993, 28.192976, 2, 4.265524, 1.754723, 5.395876, 3.312514, 0.387898, 2.837119, 142.204651, 0.988240, 2.568356, 0.667575, 3.265157
1763499494.276198, 217.852371, 563.736267, 785.346252, 781.588623, 76.399422, 27.873022, 2, 4.157165, 1.774365, 4.652511, 3.264814, 0.386550, 2.870301, 134.909576, 0.988240, 2.568356, 0.667575, 3.265157
1763499495.047815, 229.611359, 555.734863, 771.568237, 785.346252, 77.763702, 29.236958, 2, 4.237857, 1.693625, 5.218805, 3.269796, 0.388876, 2.735998, 133.323074, 0.988240, 2.568356, 0.667575, 3.265157
1763499495.850734, 210.369385, 569.966736, 802.881958, 780.336121, 74.730789, 26.958817, 2, 4.056589, 1.833055, 2.689387, 3.256962, 0.385619, 2.971404, 239.065903, 0.988240, 2.568356, 0.667575, 3.265157
1763499496.632359, 206.093384, 570.485046, 781.588623, 776.578430, 76.766724, 26.538643, 2, 3.978411, 1.861386, 4.120045, 3.109480, 0.383619, 3.021255, 129.919235, 0.988240, 2.568356, 0.667575, 3.265157
1763499497.402711, 227.473358, 567.893311, 770.315735, 795.366638, 77.890137, 28.599812, 2, 4.040837, 1.730383, 4.283319, 3.112720, 0.393616, 2.796455, 146.411575, 0.988240, 2.568356, 0.667575, 3.265157
1763499498.169319, 219.990372, 537.799866, 766.558044, 757.790222, 78.271957, 29.030510, 2, 4.169505, 1.705359, 4.706665, 3.196168, 0.375163, 2.755172, 115.200119, 0.988240, 2.568356, 0.667575, 3.265157
1763499498.928398, 219.990372, 539.052429, 759.042786, 759.042786, 79.046928, 28.982603, 2, 4.151188, 1.708106, 6.452471, 3.150929, 0.375767, 2.759677, 119.896515, 0.988240, 2.568356, 0.667575, 3.265157
1763499499.691235, 222.128372, 543.177185, 762.800415, 765.305542, 78.657532, 29.024796, 2, 4.104890, 1.705686, 4.174899, 3.131212, 0.378881, 2.755708, 129.851410, 0.988240, 2.568356, 0.667575, 3.265157
1763499500.466598, 226.404358, 553.931763, 775.325928, 780.336121, 77.386810, 29.013697, 2, 3.668216, 1.706322, 5.120089, 2.844063, 0.386319, 2.756750, 149.148499, 0.988240, 2.568356, 0.667575, 3.265157
1763499501.250728, 225.335358, 557.505859, 784.093750, 782.841187, 76.521461, 28.784298, 2, 3.653552, 1.719573, 4.692462, 2.864727, 0.387481, 2.778555, 132.819580, 0.988240, 2.568356, 0.667575, 3.265157
1763499502.039881, 227.473358, 564.135620, 789.103943, 791.609009, 76.035614, 28.735569, 2, 4.057198, 1.722415, 2.729228, 3.201551, 0.391803, 2.783251, 163.335739, 0.988240, 2.568356, 0.667575, 3.265157
1763499502.829021, 227.473358, 561.630615, 789.103943, 789.103943, 76.035614, 28.826794, 2, 4.076409, 1.717102, 6.663038, 3.216711, 0.390595, 2.774478, 119.858795, 0.988240, 2.568356, 0.667575, 3.265157
1763499503.614405, 221.059372, 556.771606, 785.346252, 777.830994, 76.399422, 28.419975, 2, 4.009615, 1.741057, 3.928329, 3.148936, 0.384877, 2.814225, 135.943985, 0.988240, 2.568356, 0.667575, 3.265157
1763499504.377242, 222.128372, 541.924622, 762.800415, 764.052979, 78.657532, 29.072376, 2, 4.139493, 1.702966, 5.274878, 3.157607, 0.378277, 2.751252, 141.198975, 0.988240, 2.568356, 0.667575, 3.265157
1763499505.157627, 216.783386, 557.289978, 780.336121, 774.073364, 76.889946, 28.005535, 2, 4.095739, 1.766176, 6.788316, 3.196053, 0.382878, 2.856427, 140.959396, 0.988240, 2.568356, 0.667575, 3.265157
1763499505.954283, 226.404358, 581.487793, 796.619202, 807.892151, 75.318298, 28.024080, 2, 4.039116, 1.765036, 4.218577, 3.217637, 0.399612, 2.854500, 150.613159, 0.988240, 2.568356, 0.667575, 3.265157
1763499506.733403, 233.887360, 553.963989, 779.083557, 787.851379, 77.013565, 29.686737, 2, 3.915713, 1.668627, 4.423942, 3.050668, 0.390271, 2.695538, 136.779602, 0.988240, 2.568356, 0.667575, 3.265157
1763499507.516281, 239.232315, 549.871643, 782.841187, 789.103943, 76.643898, 30.316957, 2, 3.932653, 1.634848, 4.381371, 3.078643, 0.391108, 2.641710, 148.951843, 0.988240, 2.568356, 0.667575, 3.265157
1763499508.305434, 244.577332, 550.789307, 789.103943, 795.366638, 76.035614, 30.750263, 2, 3.717911, 1.612426, 3.040651, 2.933818, 0.394363, 2.606515, 185.698715, 0.988240, 2.568356, 0.667575, 3.265157
1763499509.110858, 225.335358, 557.505859, 805.387024, 782.841187, 74.498344, 28.784298, 2, 3.570761, 1.719573, 1.984350, 2.875845, 0.387481, 2.778555, 184.386093, 0.988240, 2.568356, 0.667575, 3.265157
1763499509.887473, 216.783386, 549.774658, 776.578430, 766.558044, 77.261993, 28.280100, 2, 3.852734, 1.749452, 3.531727, 2.991950, 0.379252, 2.828270, 140.870209, 0.988240, 2.568356, 0.667575, 3.265157
1763499510.652815, 215.714386, 548.338623, 765.305542, 764.052979, 78.400063, 28.232908, 2, 4.153292, 1.752303, 2.364720, 3.178537, 0.377997, 2.833054, 191.219940, 0.988240, 2.568356, 0.667575, 3.265157
1763499511.430695, 221.059372, 563.034363, 777.830994, 784.093750, 77.137581, 28.192976, 2, 4.049386, 1.754723, 0.512155, 3.149738, 0.387898, 2.837119, 219.914902, 0.988240, 2.568356, 0.667575, 3.265157
1763499512.198542, 217.852371, 546.200623, 767.810608, 764.052979, 78.144272, 28.512732, 2, 3.940735, 1.735535, 1.480141, 3.025738, 0.378090, 2.805019, 206.668045, 0.988240, 2.568356, 0.667575, 3.265157
1763499512.962631, 223.197357, 547.118408, 764.052979, 770.315735, 78.528587, 28.974789, 2, 3.916795, 1.708555, 1.221802, 2.992639, 0.381345, 2.760414, 179.551163, 0.988240, 2.568356, 0.667575, 3.265157
1763499513.721711, 232.818344, 537.497375, 759.042786, 770.315735, 79.046928, 30.223755, 2, 3.888657, 1.639755, 4.953753, 2.951657, 0.381765, 2.649468, 111.691833, 0.988240, 2.568356, 0.667575, 3.265157
1763499514.520885, 217.852371, 563.736267, 799.124329, 781.588623, 75.082184, 27.873022, 2, 3.932277, 1.774365, 3.178950, 3.142379, 0.386550, 2.870301, 191.128082, 0.988240, 2.568356, 0.667575, 3.265157
1763499515.276207, 215.714386, 537.065674, 755.285217, 752.780090, 79.440186, 28.655699, 2, 4.239776, 1.727094, 6.079628, 3.202240, 0.372559, 2.790998, 120.669632, 0.988240, 2.568356, 0.667575, 3.265157
1763499516.074115, 216.783386, 582.340942, 797.871765, 799.124329, 75.200058, 27.127617, 2, 4.316648, 1.821921, 3.463112, 3.444132, 0.394962, 2.951998, 176.409317, 0.988240, 2.568356, 0.667575, 3.265157
1763499516.846972, 224.266357, 557.322266, 772.820801, 781.588623, 77.637665, 28.693659, 2, 4.388611, 1.724867, 5.091130, 3.391610, 0.386830, 2.787308, 122.896957, 0.988240, 2.568356, 0.667575, 3.265157
1763499517.624840, 212.507385, 551.545593, 777.830994, 764.052979, 77.137581, 27.813175, 2, 4.325212, 1.778089, 4.626172, 3.364284, 0.377857, 2.876629, 139.544464, 0.988240, 2.568356, 0.667575, 3.265157
1763499518.393952, 211.438385, 556.372192, 769.063171, 767.810608, 78.016998, 27.537832, 2, 4.316135, 1.795431, 5.168414, 3.319380, 0.379623, 2.906254, 144.042236, 0.988240, 2.568356, 0.667575, 3.265157
1763499519.170567, 213.576385, 565.507202, 776.578430, 779.083557, 77.261993, 27.413797, 2, 4.188255, 1.803357, 5.955825, 3.252508, 0.385154, 2.919878, 134.810776, 0.988240, 2.568356, 0.667575, 3.265157
1763499519.937162, 215.714386, 553.348755, 766.558044, 769.063171, 78.271957, 28.048981, 2, 4.124141, 1.763508, 3.766862, 3.161394, 0.380414, 2.851919, 129.587967, 0.988240, 2.568356, 0.667575, 3.265157
1763499520.720040, 213.576385, 566.759766, 782.841187, 780.336121, 76.643898, 27.369795, 2, 3.740547, 1.806186, 5.738176, 2.928254, 0.385759, 2.924754, 231.996368, 0.988240, 2.568356, 0.667575, 3.265157
1763499521.482877, 213.576385, 549.223999, 762.800415, 762.800415, 78.657532, 27.998987, 2, 3.647339, 1.766578, 2.360441, 2.782192, 0.377299, 2.857108, 197.922821, 0.988240, 2.568356, 0.667575, 3.265157
1763499522.255747, 212.507385, 559.060852, 772.820801, 771.568237, 77.637665, 27.542267, 2, 4.104481, 1.795149, 3.590456, 3.172028, 0.381482, 2.905770, 199.702911, 0.988240, 2.568356, 0.667575, 3.265157
1763499523.022341, 215.714386, 554.601318, 766.558044, 770.315735, 78.271957, 28.003374, 2, 4.277148, 1.766309, 2.836429, 3.278682, 0.381018, 2.856651, 227.078445, 0.988240, 2.568356, 0.667575, 3.265157
1763499523.792694, 216.783386, 554.784851, 770.315735, 771.568237, 77.890137, 28.096464, 2, 4.266107, 1.760601, 4.263767, 3.286249, 0.381669, 2.847014, 133.026764, 0.988240, 2.568356, 0.667575, 3.265157
1763499524.569309, 221.059372, 560.529236, 776.578430, 781.588623, 77.261993, 28.283340, 2, 4.156272, 1.749257, 3.905863, 3.227671, 0.386690, 2.827942, 134.554672, 0.988240, 2.568356, 0.667575, 3.265157
1763499525.345937, 219.990372, 555.335571, 776.578430, 775.325928, 77.261993, 28.373920, 2, 4.183283, 1.743812, 4.463414, 3.248648, 0.383622, 2.818827, 153.941208, 0.988240, 2.568356, 0.667575, 3.265157
1763499526.125057, 218.921371, 558.909607, 779.083557, 777.830994, 77.013565, 28.145107, 2, 4.172215, 1.757634, 3.325587, 3.250504, 0.384784, 2.842015, 194.590637, 0.988240, 2.568356, 0.667575, 3.265157
1763499526.901672, 223.197357, 558.391235, 776.578430, 781.588623, 77.261993, 28.556883, 2, 3.989814, 1.732919, 2.609225, 3.098403, 0.386783, 2.800668, 208.852371, 0.988240, 2.568356, 0.667575, 3.265157
1763499527.672024, 222.128372, 546.934814, 770.315735, 769.063171, 77.890137, 28.882980, 2, 4.068222, 1.713847, 2.225056, 3.133816, 0.380694, 2.769114, 178.085388, 0.988240, 2.568356, 0.667575, 3.265157
1763499528.438619, 217.852371, 543.695496, 766.558044, 761.547852, 78.271957, 28.606525, 2, 4.221849, 1.729988, 4.494365, 3.236293, 0.376882, 2.795798, 139.229752, 0.988240, 2.568356, 0.667575, 3.265157
1763499529.188943, 224.266357, 533.523865, 750.275024, 757.790222, 79.970673, 29.594782, 2, 4.388060, 1.673676, 2.810680, 3.292252, 0.375349, 2.703667, 148.167526, 0.988240, 2.568356, 0.667575, 3.265157
1763499529.983093, 198.610413, 565.442566, 794.114136, 764.052979, 75.555893, 25.994324, 2, 4.154921, 1.899449, 2.357453, 3.299481, 0.377250, 3.089305, 157.304062, 0.988240, 2.568356, 0.667575, 3.265157
1763499530.729648, 219.990372, 551.577881, 746.517395, 771.568237, 80.373207, 28.512108, 2, 4.282892, 1.735572, 4.032726, 3.197254, 0.381809, 2.805081, 138.951523, 0.988240, 2.568356, 0.667575, 3.265157
1763499531.515031, 217.852371, 564.988831, 785.346252, 782.841187, 76.399422, 27.828424, 2, 4.108646, 1.777138, 4.657122, 3.226710, 0.387154, 2.875013, 136.107758, 0.988240, 2.568356, 0.667575, 3.265157
1763499532.282878, 228.542343, 551.793762, 767.810608, 780.336121, 78.144272, 29.287682, 2, 4.120942, 1.690768, 4.744772, 3.164103, 0.386412, 2.731346, 115.975868, 0.988240, 2.568356, 0.667575, 3.265157
1763499533.067021, 216.783386, 553.532349, 784.093750, 770.315735, 76.521461, 28.142149, 2, 4.006333, 1.757814, 1.486523, 3.141341, 0.381065, 2.842319, 193.463211, 0.988240, 2.568356, 0.667575, 3.265157
1763499533.817332, 216.783386, 533.491638, 750.275024, 750.275024, 79.970673, 28.893856, 2, 4.043360, 1.713218, 2.383571, 3.033632, 0.371397, 2.768080, 192.913773, 0.988240, 2.568356, 0.667575, 3.265157
1763499534.575159, 219.990372, 541.557495, 757.790222, 761.547852, 79.177582, 28.887268, 2, 4.071689, 1.713599, 2.221367, 3.085486, 0.376975, 2.768706, 185.518021, 0.988240, 2.568356, 0.667575, 3.265157
1763499535.336744, 225.335358, 542.475220, 761.547852, 767.810608, 78.786911, 29.347778, 2, 4.043817, 1.687395, 2.630068, 3.079560, 0.380230, 2.725864, 153.110062, 0.988240, 2.568356, 0.667575, 3.265157
1763499536.093319, 227.473358, 531.569458, 756.537720, 759.042786, 79.308670, 29.968449, 2, 4.066213, 1.653352, 3.142061, 3.076244, 0.376094, 2.671077, 161.750473, 0.988240, 2.568356, 0.667575, 3.265157
1763499536.876197, 222.128372, 554.450073, 782.841187, 776.578430, 76.643898, 28.603470, 2, 3.973092, 1.730168, 3.013611, 3.110300, 0.384319, 2.796097, 190.996506, 0.988240, 2.568356, 0.667575, 3.265157
1763499537.647814, 223.197357, 549.623413, 771.568237, 772.820801, 77.763702, 28.880867, 2, 3.917528, 1.713969, 3.559320, 3.022640, 0.382553, 2.769315, 159.219833, 0.988240, 2.568356, 0.667575, 3.265157
1763499538.420671, 221.059372, 549.256348, 772.820801, 770.315735, 77.637665, 28.697243, 2, 4.049304, 1.724657, 2.988304, 3.129386, 0.381252, 2.786960, 171.727158, 0.988240, 2.568356, 0.667575, 3.265157
1763499539.198539, 228.542343, 558.056458, 777.830994, 786.598816, 77.137581, 29.054499, 2, 3.962333, 1.703987, 3.838355, 3.082025, 0.389433, 2.752923, 125.479034, 0.988240, 2.568356, 0.667575, 3.265157
1763499539.986427, 225.335358, 558.758423, 787.851379, 784.093750, 76.156494, 28.738317, 2, 3.899622, 1.722254, 3.444888, 3.072323, 0.388085, 2.782986, 198.532761, 0.988240, 2.568356, 0.667575, 3.265157
1763499540.775579, 226.404358, 563.952087, 789.103943, 790.356445, 76.035614, 28.645855, 2, 3.924765, 1.727672, 3.884503, 3.097048, 0.391153, 2.791957, 197.441681, 0.988240, 2.568356, 0.667575, 3.265157
1763499541.555953, 222.128372, 553.197571, 780.336121, 775.325928, 76.889946, 28.649675, 2, 3.937931, 1.727448, 3.445589, 3.072910, 0.383715, 2.791584, 178.851578, 0.988240, 2.568356, 0.667575, 3.265157
1763499542.346346, 217.852371, 567.493896, 790.356445, 785.346252, 75.915115, 27.739658, 2, 4.045350, 1.782686, 2.239221, 3.197268, 0.388362, 2.884457, 175.554214, 0.988240, 2.568356, 0.667575, 3.265157
1763499543.130489, 222.128372, 566.975586, 784.093750, 789.103943, 76.521461, 28.149445, 2, 3.997261, 1.757370, 3.469568, 3.134228, 0.390362, 2.841571, 200.257278, 0.988240, 2.568356, 0.667575, 3.265157
1763499543.920882, 214.645386, 566.943237, 790.356445, 781.588623, 75.915115, 27.462706, 2, 4.139015, 1.800223, 3.726284, 3.271297, 0.386410, 2.914485, 162.894211, 0.988240, 2.568356, 0.667575, 3.265157
1763499544.688729, 219.990372, 554.083008, 767.810608, 774.073364, 78.144272, 28.419834, 2, 4.255111, 1.741065, 2.556067, 3.267120, 0.383018, 2.814239, 174.099594, 0.988240, 2.568356, 0.667575, 3.265157
1763499545.450313, 226.404358, 542.658813, 761.547852, 769.063171, 78.786911, 29.438982, 2, 4.208786, 1.682303, 6.672002, 3.205192, 0.380881, 2.717606, 103.157822, 0.988240, 2.568356, 0.667575, 3.265157
1763499546.224423, 214.645386, 545.649963, 774.073364, 760.295349, 77.512032, 28.231842, 2, 4.180203, 1.752368, 2.973069, 3.235784, 0.376138, 2.833162, 186.734360, 0.988240, 2.568356, 0.667575, 3.265157
1763499546.999799, 228.542343, 563.066650, 775.325928, 791.609009, 77.386810, 28.870609, 2, 4.051157, 1.714563, 4.789077, 3.140968, 0.391850, 2.770293, 114.683128, 0.988240, 2.568356, 0.667575, 3.265157
1763499547.776414, 215.714386, 545.833496, 776.578430, 761.547852, 77.261993, 28.325781, 2, 4.095551, 1.746701, 3.655935, 3.180517, 0.376789, 2.823661, 175.190750, 0.988240, 2.568356, 0.667575, 3.265157
1763499548.561797, 206.093384, 567.979980, 785.346252, 774.073364, 76.399422, 26.624527, 2, 3.988190, 1.855522, 2.073660, 3.132110, 0.382411, 3.010881, 139.563126, 0.988240, 2.568356, 0.667575, 3.265157
1763499549.345927, 219.990372, 580.386475, 784.093750, 800.376831, 76.521461, 27.485851, 2, 3.874537, 1.798744, 3.175188, 3.038000, 0.395706, 2.911942, 171.610550, 0.988240, 2.568356, 0.667575, 3.265157
1763499550.135080, 206.093384, 566.727417, 789.103943, 772.820801, 76.035614, 26.667681, 2, 3.907548, 1.852590, -0.515335, 3.083462, 0.381807, 3.005705, 128.590088, 0.988240, 2.568356, 0.667575, 3.265157
1763499550.887896, 226.404358, 550.174072, 752.780090, 776.578430, 79.704552, 29.154089, 2, 3.915248, 1.698316, 0.985782, 2.947321, 0.384506, 2.743648, 152.079697, 0.988240, 2.568356, 0.667575, 3.265157
1763499551.663259, 245.646317, 552.225464, 775.325928, 797.871765, 77.386810, 30.787695, 2, 3.900486, 1.610519, 6.136363, 3.024148, 0.395618, 2.603541, 104.228714, 0.988240, 2.568356, 0.667575, 3.265157
1763499552.451148, 236.025330, 540.553101, 787.851379, 776.578430, 76.156494, 30.392981, 2, 3.905398, 1.630868, 4.526422, 3.076873, 0.384926, 2.635431, 122.882370, 0.988240, 2.568356, 0.667575, 3.265157
1763499553.237795, 226.404358, 548.921570, 786.598816, 775.325928, 76.277763, 29.201185, 2, 4.055178, 1.695647, 3.527890, 3.189798, 0.383902, 2.739293, 141.084686, 0.988240, 2.568356, 0.667575, 3.265157
1763499554.029441, 230.680344, 565.938843, 791.609009, 796.619202, 75.794991, 28.957418, 2, 3.995573, 1.709553, 5.988768, 3.162932, 0.394360, 2.762054, 113.088829, 0.988240, 2.568356, 0.667575, 3.265157
1763499554.798541, 219.990372, 536.547363, 769.063171, 756.537720, 78.016998, 29.078573, 2, 4.113930, 1.702612, 3.136970, 3.163872, 0.374558, 2.750673, 169.471207, 0.988240, 2.568356, 0.667575, 3.265157
1763499555.563883, 227.473358, 546.599976, 765.305542, 774.073364, 78.400063, 29.386538, 2, 4.121398, 1.685227, 5.526613, 3.154129, 0.383344, 2.722346, 142.879608, 0.988240, 2.568356, 0.667575, 3.265157
1763499556.314194, 227.473358, 522.801636, 750.275024, 750.275024, 79.970673, 30.318663, 2, 4.270933, 1.634758, 4.745657, 3.204374, 0.371864, 2.641568, 129.569153, 0.988240, 2.568356, 0.667575, 3.265157
1763499557.084559, 231.749359, 543.576538, 770.315735, 775.325928, 77.890137, 29.890574, 2, 4.208114, 1.657546, 5.013624, 3.241576, 0.384135, 2.677773, 127.401703, 0.988240, 2.568356, 0.667575, 3.265157
1763499557.869943, 233.887360, 553.963989, 785.346252, 787.851379, 76.399422, 29.686737, 2, 4.142972, 1.668627, 5.696490, 3.253667, 0.390271, 2.695538, 116.935867, 0.988240, 2.568356, 0.667575, 3.265157
1763499558.662841, 217.852371, 556.221008, 792.861572, 774.073364, 75.675255, 28.143633, 2, 4.049369, 1.757723, 3.229600, 3.210589, 0.382924, 2.842166, 189.699860, 0.988240, 2.568356, 0.667575, 3.265157
1763499559.426930, 221.059372, 546.751221, 764.052979, 767.810608, 78.528587, 28.790873, 2, 4.006859, 1.719190, 4.021807, 3.061453, 0.380043, 2.777923, 162.870926, 0.988240, 2.568356, 0.667575, 3.265157
1763499560.226103, 219.990372, 577.881409, 799.124329, 797.871765, 75.082184, 27.572145, 2, 3.946392, 1.793251, 1.735750, 3.153658, 0.394498, 2.902516, 181.553635, 0.988240, 2.568356, 0.667575, 3.265157
1763499561.007728, 217.852371, 561.231201, 781.588623, 779.083557, 76.766724, 27.962646, 2, 4.001898, 1.768818, 1.692626, 3.127838, 0.385341, 2.860897, 171.141800, 0.988240, 2.568356, 0.667575, 3.265157
1763499561.788101, 213.576385, 561.749512, 780.336121, 775.325928, 76.889946, 27.546659, 2, 4.166941, 1.794870, 2.480554, 3.251614, 0.383342, 2.905291, 185.907242, 0.988240, 2.568356, 0.667575, 3.265157
1763499562.570979, 213.576385, 569.264771, 782.841187, 782.841187, 76.643898, 27.282211, 2, 4.189427, 1.811844, 2.464618, 3.279656, 0.386967, 2.934527, 167.546616, 0.988240, 2.568356, 0.667575, 3.265157
1763499563.361385, 219.990372, 577.881409, 790.356445, 797.871765, 75.915115, 27.572145, 2, 4.069671, 1.793251, 0.706674, 3.216491, 0.394498, 2.902516, 151.772995, 0.988240, 2.568356, 0.667575, 3.265157
1763499564.148020, 231.749359, 568.627441, 786.598816, 800.376831, 76.277763, 28.955030, 2, 3.907528, 1.709691, 4.218023, 3.073657, 0.396220, 2.762280, 137.558273, 0.988240, 2.568356, 0.667575, 3.265157
1763499564.949686, 219.990372, 567.861023, 801.629395, 787.851379, 74.847557, 27.922827, 2, 3.996230, 1.771278, 1.191000, 3.203496, 0.389664, 2.865064, 219.439743, 0.988240, 2.568356, 0.667575, 3.265157
1763499565.736322, 224.266357, 567.342651, 786.598816, 791.609009, 76.277763, 28.330444, 2, 3.939046, 1.746421, 2.400651, 3.098449, 0.391663, 2.823192, 181.017487, 0.988240, 2.568356, 0.667575, 3.265157
1763499566.522969, 244.577332, 565.819885, 786.598816, 810.397217, 76.277763, 30.179934, 2, 3.689168, 1.642072, 4.227209, 2.901895, 0.401614, 2.653140, 158.362091, 0.988240, 2.568356, 0.667575, 3.265157
1763499567.299584, 272.371277, 536.773376, 776.578430, 809.144653, 77.261993, 33.661633, 2, 3.390304, 1.476745, 3.973076, 2.632837, 0.402223, 2.402655, 110.353767, 0.988240, 2.568356, 0.667575, 3.265157
1763499568.089977, 268.095276, 517.250977, 790.356445, 785.346252, 75.915115, 34.137207, 2, 2.806840, 1.456780, 2.620108, 2.218404, 0.390556, 2.373978, 79.399986, 0.988240, 2.568356, 0.667575, 3.265157
1763499568.884141, 286.268219, 529.139160, 794.114136, 815.407349, 75.555893, 35.107388, 2, 2.798927, 1.417729, 3.570313, 2.222667, 0.405851, 2.318865, 86.281219, 0.988240, 2.568356, 0.667575, 3.265157
1763499569.687060, 465.859833, 547.449829, 802.881958, 1013.309631, 74.730789, 45.974083, 2, 2.674128, 1.092946, 5.237250, 2.147009, 0.509160, 1.910697, 124.255707, 0.988240, 2.568356, 0.667575, 3.265157
1763499570.634033, 737.601440, 452.317139, 946.924683, 1189.918579, 63.363010, 61.987556, 3, 1.473703, 0.804549, 12.107342, 1.395486, 0.593436, 1.231967, 25.572956, 2.771096, 5.516781, 0.000000, 5.078047
1763499571.800214, 1000.000000, 553.156860, 1166.120239, 1553.156860, 51.452671, 64.384995, 3, 0.859287, 0.776139, 1.544902, 1.002032, 0.776139, 0.990758, 10.000000, 2.771096, 5.516781, 0.000000, 5.078047
1763499589.766385, 231.749359, 534.808716, 775.325928, 766.558044, 77.386810, 30.232460, 2, 3.707382, 1.639295, 3.640072, 2.874429, 0.379906, 2.648741, 127.248100, 0.988240, 2.568356, 0.667575, 3.265157
1763499590.550528, 221.059372, 550.508850, 784.093750, 771.568237, 76.521461, 28.650656, 2, 3.857512, 1.727390, 1.598225, 3.024651, 0.381856, 2.791489, 119.342445, 0.988240, 2.568356, 0.667575, 3.265157
1763499591.320881, 224.266357, 549.807007, 770.315735, 774.073364, 77.890137, 28.972235, 2, 3.944337, 1.708701, 2.794375, 3.038385, 0.383204, 2.760655, 167.287827, 0.988240, 2.568356, 0.667575, 3.265157
1763499592.103759, 228.542343, 559.309021, 782.841187, 787.851379, 76.643898, 29.008305, 2, 3.933010, 1.706631, 3.790803, 3.078922, 0.390037, 2.757257, 174.269913, 0.988240, 2.568356, 0.667575, 3.265157
1763499592.886636, 219.990372, 552.830444, 782.841187, 772.820801, 76.643898, 28.465897, 2, 3.902611, 1.738318, 2.189199, 3.055125, 0.382413, 2.809657, 204.190704, 0.988240, 2.568356, 0.667575, 3.265157
1763499593.655748, 233.887360, 551.458862, 769.063171, 785.346252, 78.016998, 29.781431, 2, 3.868988, 1.663460, 6.174913, 2.975496, 0.389062, 2.687242, 117.512558, 0.988240, 2.568356, 0.667575, 3.265157
1763499594.428606, 242.439331, 540.401855, 772.820801, 782.841187, 77.637665, 30.969158, 2, 3.901993, 1.601338, 5.940664, 3.015541, 0.388227, 2.589268, 109.272919, 0.988240, 2.568356, 0.667575, 3.265157
1763499595.206473, 228.542343, 533.005493, 777.830994, 761.547852, 77.137581, 30.010241, 2, 3.914643, 1.651110, 5.663548, 3.044930, 0.377349, 2.667503, 127.613655, 0.988240, 2.568356, 0.667575, 3.265157
1763499596.000624, 236.025330, 566.856628, 794.114136, 802.881958, 75.555893, 29.397264, 2, 3.538665, 1.684628, 2.287657, 2.810104, 0.397615, 2.721374, 193.633682, 0.988240, 2.568356, 0.667575, 3.265157
1763499596.783515, 223.197357, 544.613281, 782.841187, 767.810608, 76.643898, 29.069324, 2, 3.686416, 1.703140, 1.834504, 2.885878, 0.380136, 2.751537, 233.200974, 0.988240, 2.568356, 0.667575, 3.265157
1763499597.520048, 237.094315, 515.685791, 736.497009, 752.780090, 81.466728, 31.495827, 2, 3.991977, 1.575291, 2.767224, 2.940079, 0.373492, 2.549165, 177.166763, 0.988240, 2.568356, 0.667575, 3.265157
1763499598.280380, 242.439331, 524.118713, 760.295349, 766.558044, 78.916702, 31.627003, 2, 3.919563, 1.568938, 2.608930, 2.980026, 0.380372, 2.539472, 149.680038, 0.988240, 2.568356, 0.667575, 3.265157
1763499599.075783, 234.956345, 551.642456, 795.366638, 786.598816, 75.436905, 29.869907, 2, 3.592791, 1.658662, 1.133673, 2.857586, 0.389713, 2.679558, 194.666092, 0.988240, 2.568356, 0.667575, 3.265157
1763499599.847388, 234.956345, 536.611877, 771.568237, 771.568237, 77.763702, 30.451790, 2, 3.573133, 1.627802, 1.218409, 2.756916, 0.382463, 2.630605, 166.986740, 0.988240, 2.568356, 0.667575, 3.265157
1763499600.601458, 238.163330, 519.626892, 754.032654, 757.790222, 79.572151, 31.428661, 2, 3.627087, 1.578564, 2.688391, 2.734942, 0.375956, 2.554173, 155.664444, 0.988240, 2.568356, 0.667575, 3.265157
1763499601.369317, 221.059372, 526.710510, 767.810608, 747.769897, 78.144272, 29.562485, 2, 3.690835, 1.675457, 0.874449, 2.833862, 0.370375, 2.706539, 147.602859, 0.988240, 2.568356, 0.667575, 3.265157
1763499602.137165, 215.714386, 545.833496, 767.810608, 761.547852, 78.144272, 28.325781, 2, 3.789126, 1.746701, 1.449929, 2.909331, 0.376789, 2.823661, 186.335892, 0.988240, 2.568356, 0.667575, 3.265157
1763499602.891234, 223.197357, 539.603027, 754.032654, 762.800415, 79.572151, 29.260258, 2, 4.029268, 1.692312, 4.215995, 3.038199, 0.377719, 2.733858, 147.784637, 0.988240, 2.568356, 0.667575, 3.265157
1763499603.657829, 217.852371, 542.442993, 766.558044, 760.295349, 78.271957, 28.653652, 2, 4.093000, 1.727214, 2.565880, 3.137522, 0.376278, 2.791197, 201.321075, 0.988240, 2.568356, 0.667575, 3.265157
1763499604.406888, 218.921371, 531.353638, 749.022461, 750.275024, 80.104408, 29.178816, 2, 4.032186, 1.696913, 5.130159, 3.020197, 0.371491, 2.741359, 138.518799, 0.988240, 2.568356, 0.667575, 3.265157
1763499605.158452, 219.990372, 532.789734, 751.527588, 752.780090, 79.837387, 29.223722, 2, 3.950832, 1.694373, 3.447913, 2.969159, 0.372746, 2.737216, 183.888321, 0.988240, 2.568356, 0.667575, 3.265157
1763499605.916291, 226.404358, 538.901184, 757.790222, 765.305542, 79.177582, 29.583527, 2, 3.938018, 1.674296, 3.988569, 2.984192, 0.379068, 2.704667, 120.727554, 0.988240, 2.568356, 0.667575, 3.265157
1763499606.682886, 226.404358, 540.153687, 766.558044, 766.558044, 78.271957, 29.535189, 2, 3.769820, 1.676965, 3.654570, 2.889786, 0.379672, 2.708974, 169.617203, 0.988240, 2.568356, 0.667575, 3.265157
1763499607.445724, 228.542343, 536.763184, 762.800415, 765.305542, 78.657532, 29.862890, 2, 3.719066, 1.659042, 3.366867, 2.836905, 0.379161, 2.680165, 189.659378, 0.988240, 2.568356, 0.667575, 3.265157
1763499608.221086, 224.266357, 546.049377, 775.325928, 770.315735, 77.386810, 29.113564, 2, 3.692236, 1.700619, 2.785558, 2.862686, 0.381392, 2.747411, 222.513840, 0.988240, 2.568356, 0.667575, 3.265157
1763499608.977660, 232.818344, 533.739685, 756.537720, 766.558044, 79.308670, 30.371914, 2, 3.786546, 1.631968, 3.649553, 2.864665, 0.379952, 2.637166, 168.236984, 0.988240, 2.568356, 0.667575, 3.265157
1763499609.758045, 223.197357, 545.865845, 780.336121, 769.063171, 76.889946, 29.021978, 2, 3.723384, 1.705848, 3.245536, 2.905491, 0.380741, 2.755972, 215.259048, 0.988240, 2.568356, 0.667575, 3.265157
1763499610.520882, 224.266357, 539.786621, 762.800415, 764.052979, 78.657532, 29.352200, 2, 3.829481, 1.687147, 2.332995, 2.921130, 0.378370, 2.725462, 180.918732, 0.988240, 2.568356, 0.667575, 3.265157
1763499611.291235, 224.266357, 546.049377, 770.315735, 770.315735, 77.890137, 29.113564, 2, 3.836307, 1.700619, 3.642765, 2.955168, 0.381392, 2.747411, 163.269272, 0.988240, 2.568356, 0.667575, 3.265157
1763499612.059082, 234.956345, 545.379761, 767.810608, 780.336121, 78.144272, 30.109632, 2, 3.829451, 1.645804, 3.853516, 2.940293, 0.386692, 2.659063, 162.501251, 0.988240, 2.568356, 0.667575, 3.265157
1763499612.836950, 231.749359, 542.323975, 777.830994, 774.073364, 77.137581, 29.938940, 2, 3.777408, 1.654939, 3.711638, 2.938185, 0.383531, 2.673608, 173.040237, 0.988240, 2.568356, 0.667575, 3.265157
1763499613.612325, 221.059372, 541.741028, 775.325928, 762.800415, 77.386810, 28.979975, 2, 3.777719, 1.708257, 3.631772, 2.928964, 0.377626, 2.759925, 161.643814, 0.988240, 2.568356, 0.667575, 3.265157
1763499614.393950, 224.266357, 561.079895, 781.588623, 785.346252, 76.766724, 28.556368, 2, 3.738711, 1.732949, 3.489968, 2.922134, 0.388642, 2.800718, 155.953934, 0.988240, 2.568356, 0.667575, 3.265157
1763499615.169313, 229.611359, 551.977295, 775.325928, 781.588623, 77.386810, 29.377520, 2, 3.731850, 1.685731, 1.955908, 2.893400, 0.387063, 2.723163, 203.407715, 0.988240, 2.568356, 0.667575, 3.265157
1763499615.940918, 228.542343, 541.773376, 771.568237, 770.315735, 77.763702, 29.668659, 2, 3.744945, 1.669617, 3.057141, 2.889481, 0.381578, 2.697130, 200.945541, 0.988240, 2.568356, 0.667575, 3.265157
1763499616.712522, 224.266357, 542.291687, 771.568237, 766.558044, 77.763702, 29.256279, 2, 3.853628, 1.692536, 2.489297, 2.973337, 0.379579, 2.734223, 205.587997, 0.988240, 2.568356, 0.667575, 3.265157
1763499617.477877, 227.473358, 541.589844, 765.305542, 769.063171, 78.400063, 29.577980, 2, 3.951169, 1.674602, 3.862665, 3.023851, 0.380927, 2.705160, 145.665344, 0.988240, 2.568356, 0.667575, 3.265157
1763499618.236957, 237.094315, 533.221436, 759.042786, 770.315735, 79.046928, 30.778849, 2, 3.912775, 1.610969, 2.880697, 2.969964, 0.381952, 2.604243, 164.434036, 0.988240, 2.568356, 0.667575, 3.265157
1763499619.027350, 244.577332, 554.546997, 790.356445, 799.124329, 75.915115, 30.605667, 2, 3.353678, 1.619838, 2.875200, 2.650601, 0.396176, 2.618102, 170.952576, 0.988240, 2.568356, 0.667575, 3.265157
1763499619.798955, 239.232315, 526.073242, 771.568237, 765.305542, 77.763702, 31.259712, 2, 3.572068, 1.586859, 2.418874, 2.756094, 0.379628, 2.566906, 173.944199, 0.988240, 2.568356, 0.667575, 3.265157
1763499620.564297, 228.542343, 524.237732, 765.305542, 752.780090, 78.400063, 30.359776, 2, 3.752620, 1.632604, 2.476976, 2.871901, 0.373119, 2.638168, 182.123169, 0.988240, 2.568356, 0.667575, 3.265157
1763499621.339672, 230.680344, 547.150635, 775.325928, 777.830994, 77.386810, 29.656872, 2, 3.830499, 1.670264, 3.089825, 2.969885, 0.385297, 2.698170, 169.902573, 0.988240, 2.568356, 0.667575, 3.265157
1763499622.111277, 231.749359, 541.071411, 771.568237, 772.820801, 77.763702, 29.987463, 2, 3.883643, 1.652331, 3.685410, 2.996496, 0.382927, 2.669449, 176.178925, 0.988240, 2.568356, 0.667575, 3.265157
1763499622.886639, 223.197357, 542.108154, 775.325928, 765.305542, 77.386810, 29.164478, 2, 3.802623, 1.697726, 3.812974, 2.948272, 0.378928, 2.742685, 180.493942, 0.988240, 2.568356, 0.667575, 3.265157
1763499623.659497, 229.611359, 550.724731, 772.820801, 780.336121, 77.637665, 29.424673, 2, 3.851164, 1.683100, 4.044236, 2.976260, 0.386459, 2.718897, 119.326347, 0.988240, 2.568356, 0.667575, 3.265157
1763499624.444892, 226.404358, 555.184265, 785.346252, 781.588623, 76.399422, 28.967201, 2, 3.704870, 1.708991, 3.355431, 2.909606, 0.386923, 2.761130, 197.039108, 0.988240, 2.568356, 0.667575, 3.265157
1763499625.225265, 224.266357, 553.564636, 780.336121, 777.830994, 76.889946, 28.832275, 2, 3.707571, 1.716784, 3.201711, 2.893151, 0.385017, 2.773954, 204.180222, 0.988240, 2.568356, 0.667575, 3.265157
1763499625.993112, 224.266357, 543.544250, 767.810608, 767.810608, 78.144272, 29.208553, 2, 3.837997, 1.695230, 3.409142, 2.946855, 0.380183, 2.738613, 160.655533, 0.988240, 2.568356, 0.667575, 3.265157
1763499626.770980, 224.266357, 553.564636, 777.830994, 777.830994, 77.137581, 28.832275, 2, 3.752257, 1.716784, 3.197358, 2.918622, 0.385017, 2.773954, 200.873230, 0.988240, 2.568356, 0.667575, 3.265157
1763499627.552617, 223.197357, 557.138794, 781.588623, 780.336121, 76.766724, 28.602718, 2, 3.741954, 1.730212, 3.258485, 2.924669, 0.386179, 2.796170, 199.240738, 0.988240, 2.568356, 0.667575, 3.265157
1763499628.326727, 233.887360, 552.711426, 774.073364, 786.598816, 77.512032, 29.734009, 2, 3.780702, 1.666044, 3.259259, 2.926541, 0.389667, 2.691387, 179.227951, 0.988240, 2.568356, 0.667575, 3.265157
1763499629.105848, 229.611359, 544.462036, 779.083557, 774.073364, 77.013565, 29.662737, 2, 3.798362, 1.669942, 3.358677, 2.959241, 0.383438, 2.697653, 172.746017, 0.988240, 2.568356, 0.667575, 3.265157
1763499629.883716, 234.956345, 549.137390, 777.830994, 784.093750, 77.137581, 29.965338, 2, 3.726886, 1.653519, 2.770138, 2.898887, 0.388505, 2.671343, 172.916122, 0.988240, 2.568356, 0.667575, 3.265157
1763499630.665341, 227.473358, 545.347412, 781.588623, 772.820801, 76.766724, 29.434166, 2, 3.793178, 1.682571, 3.263907, 2.964705, 0.382740, 2.718040, 197.992569, 0.988240, 2.568356, 0.667575, 3.265157
1763499631.445726, 230.680344, 553.413391, 780.336121, 784.093750, 76.889946, 29.419994, 2, 3.782630, 1.683360, 3.036335, 2.951723, 0.388318, 2.719319, 215.196701, 0.988240, 2.568356, 0.667575, 3.265157
1763499632.207310, 242.439331, 532.886597, 761.547852, 775.325928, 78.786911, 31.269344, 2, 3.902673, 1.586384, 4.205518, 2.972072, 0.384602, 2.566175, 118.684647, 0.988240, 2.568356, 0.667575, 3.265157
1763499633.007724, 232.818344, 556.285583, 800.376831, 789.103943, 74.964691, 29.504141, 2, 3.777042, 1.678684, 3.544491, 3.023057, 0.390828, 2.711751, 152.535217, 0.988240, 2.568356, 0.667575, 3.265157
1763499633.784339, 231.749359, 543.576538, 776.578430, 775.325928, 77.261993, 29.890574, 2, 3.696293, 1.657546, 3.599715, 2.870461, 0.384135, 2.677773, 124.150177, 0.988240, 2.568356, 0.667575, 3.265157
1763499634.560967, 234.956345, 545.379761, 776.578430, 780.336121, 77.261993, 30.109632, 2, 3.706679, 1.645804, 3.401949, 2.878527, 0.386692, 2.659063, 191.610001, 0.988240, 2.568356, 0.667575, 3.265157
1763499635.317541, 239.232315, 522.315552, 756.537720, 761.547852, 79.308670, 31.413958, 2, 3.711713, 1.579282, 4.011662, 2.808051, 0.377815, 2.555273, 152.239929, 0.988240, 2.568356, 0.667575, 3.265157
1763499636.080378, 226.404358, 521.365540, 762.800415, 747.769897, 78.657532, 30.277275, 2, 3.784441, 1.636933, 4.076589, 2.886773, 0.370609, 2.645005, 155.925888, 0.988240, 2.568356, 0.667575, 3.265157
1763499636.784346, 224.266357, 477.159302, 703.930786, 701.425659, 85.235649, 31.972933, 2, 4.269359, 1.552435, 6.679860, 3.005333, 0.348159, 2.514451, 109.643280, 0.988240, 2.568356, 0.667575, 3.265157
1763499637.573486, 219.990372, 564.103394, 789.103943, 784.093750, 76.035614, 28.056643, 2, 4.092627, 1.763038, 4.536234, 3.229508, 0.387851, 2.851126, 144.305756, 0.988240, 2.568356, 0.667575, 3.265157
1763499638.346344, 212.507385, 551.545593, 772.820801, 764.052979, 77.637665, 27.813175, 2, 4.146799, 1.778089, 3.671060, 3.204733, 0.377857, 2.876629, 161.012543, 0.988240, 2.568356, 0.667575, 3.265157
1763499639.126728, 214.645386, 568.195801, 780.336121, 782.841187, 76.889946, 27.418766, 2, 4.020425, 1.803038, 2.688022, 3.137283, 0.387014, 2.919329, 183.074234, 0.988240, 2.568356, 0.667575, 3.265157
1763499639.877040, 234.956345, 539.117004, 750.275024, 774.073364, 79.970673, 30.353239, 2, 3.944572, 1.632946, 4.672653, 2.959514, 0.383671, 2.638707, 132.707474, 0.988240, 2.568356, 0.667575, 3.265157
1763499640.646141, 228.542343, 533.005493, 769.063171, 761.547852, 78.016998, 30.010241, 2, 3.900792, 1.651110, 6.200773, 2.999956, 0.377349, 2.667503, 119.096176, 0.988240, 2.568356, 0.667575, 3.265157
1763499641.412735, 231.749359, 538.566406, 766.558044, 770.315735, 78.271957, 30.084982, 2, 3.856153, 1.647117, 4.673317, 2.955965, 0.381718, 2.661149, 134.015900, 0.988240, 2.568356, 0.667575, 3.265157
1763499642.186845, 233.887360, 542.691040, 774.073364, 776.578430, 77.512032, 30.117672, 2, 3.844183, 1.645377, 5.858363, 2.975680, 0.384833, 2.658383, 117.784737, 0.988240, 2.568356, 0.667575, 3.265157
1763499642.969735, 227.473358, 547.852539, 782.841187, 775.325928, 76.643898, 29.339064, 2, 3.735434, 1.687883, 5.299520, 2.924252, 0.383948, 2.726657, 138.732864, 0.988240, 2.568356, 0.667575, 3.265157
1763499643.736330, 227.473358, 539.084717, 766.558044, 766.558044, 78.271957, 29.674643, 2, 3.809793, 1.669289, 4.606583, 2.920428, 0.379719, 2.696603, 120.078049, 0.988240, 2.568356, 0.667575, 3.265157
1763499644.491652, 215.714386, 525.792847, 755.285217, 741.507202, 79.440186, 29.091341, 2, 3.906259, 1.701884, 2.578496, 2.950340, 0.367121, 2.749482, 205.919785, 0.988240, 2.568356, 0.667575, 3.265157
1763499645.249478, 218.921371, 542.626465, 757.790222, 761.547852, 79.177582, 28.746897, 2, 3.882871, 1.721753, 3.750188, 2.942402, 0.376929, 2.782157, 137.933350, 0.988240, 2.568356, 0.667575, 3.265157
1763499646.012316, 222.128372, 544.429688, 762.800415, 766.558044, 78.657532, 28.977371, 2, 3.814617, 1.708406, 3.748565, 2.909791, 0.379486, 2.760170, 203.436356, 0.988240, 2.568356, 0.667575, 3.265157
1763499646.780164, 225.335358, 546.232910, 767.810608, 771.568237, 78.144272, 29.204851, 2, 3.928386, 1.695439, 1.950596, 3.016256, 0.382042, 2.738954, 204.305695, 0.988240, 2.568356, 0.667575, 3.265157
1763499647.546770, 222.128372, 540.672058, 766.558044, 762.800415, 78.271957, 29.120117, 2, 3.900020, 1.700246, 4.169956, 2.989592, 0.377673, 2.746801, 132.691605, 0.988240, 2.568356, 0.667575, 3.265157
1763499648.320880, 219.990372, 551.577881, 774.073364, 771.568237, 77.512032, 28.512108, 2, 3.825781, 1.735572, 3.666080, 2.961435, 0.381809, 2.805081, 174.864243, 0.988240, 2.568356, 0.667575, 3.265157
1763499649.100000, 222.128372, 559.460266, 779.083557, 781.588623, 77.013565, 28.420115, 2, 3.800278, 1.741048, 2.307283, 2.960734, 0.386736, 2.814211, 198.210098, 0.988240, 2.568356, 0.667575, 3.265157
1763499649.861585, 227.473358, 540.337280, 761.547852, 767.810608, 78.786911, 29.626232, 2, 3.844045, 1.671946, 3.295596, 2.927425, 0.380323, 2.700879, 179.969498, 0.988240, 2.568356, 0.667575, 3.265157
1763499650.635707, 228.542343, 546.783569, 774.073364, 775.325928, 77.512032, 29.476938, 2, 3.788324, 1.680193, 3.513282, 2.932441, 0.383995, 2.714191, 170.787048, 0.988240, 2.568356, 0.667575, 3.265157
1763499651.414828, 224.266357, 549.807007, 779.083557, 774.073364, 77.013565, 28.972235, 2, 3.821153, 1.708701, 2.965211, 2.976997, 0.383204, 2.760655, 190.348526, 0.988240, 2.568356, 0.667575, 3.265157
1763499652.188938, 225.335358, 549.990601, 774.073364, 775.325928, 77.512032, 29.063309, 2, 3.820966, 1.703484, 3.742035, 2.957707, 0.383855, 2.752100, 114.624260, 0.988240, 2.568356, 0.667575, 3.265157
1763499652.959290, 225.335358, 544.980347, 770.315735, 770.315735, 77.890137, 29.252338, 2, 3.822617, 1.692758, 3.529181, 2.944622, 0.381438, 2.734585, 155.103622, 0.988240, 2.568356, 0.667575, 3.265157
1763499653.734653, 224.266357, 549.807007, 775.325928, 774.073364, 77.386810, 28.972235, 2, 3.763118, 1.708701, 3.898927, 2.917643, 0.383204, 2.760655, 131.849274, 0.988240, 2.568356, 0.667575, 3.265157
1763499654.510028, 229.611359, 551.977295, 775.325928, 781.588623, 77.386810, 29.377520, 2, 3.752925, 1.685731, 3.780585, 2.909740, 0.387063, 2.723163, 168.611923, 0.988240, 2.568356, 0.667575, 3.265157
1763499655.274117, 232.818344, 534.992249, 764.052979, 767.810608, 78.528587, 30.322367, 2, 3.768937, 1.634564, 3.773908, 2.879668, 0.380556, 2.641261, 129.999802, 0.988240, 2.568356, 0.667575, 3.265157
1763499656.039459, 237.094315, 533.221436, 765.305542, 770.315735, 78.400063, 30.778849, 2, 3.780039, 1.610969, 4.198804, 2.892885, 0.381952, 2.604243, 125.744125, 0.988240, 2.568356, 0.667575, 3.265157
1763499656.817328, 242.439331, 541.654419, 777.830994, 784.093750, 77.137581, 30.919685, 2, 3.747201, 1.603830, 4.555454, 2.914689, 0.388832, 2.593136, 124.051788, 0.988240, 2.568356, 0.667575, 3.265157
1763499657.592690, 234.956345, 531.601685, 775.325928, 766.558044, 77.386810, 30.650822, 2, 3.779387, 1.617516, 4.878756, 2.930257, 0.380046, 2.614467, 126.970222, 0.988240, 2.568356, 0.667575, 3.265157
1763499658.369317, 227.473358, 540.337280, 776.578430, 767.810608, 77.261993, 29.626232, 2, 3.899825, 1.671946, 4.200796, 3.028520, 0.380323, 2.700879, 134.821579, 0.988240, 2.568356, 0.667575, 3.265157
1763499659.139670, 238.163330, 544.677856, 770.315735, 782.841187, 77.890137, 30.422943, 2, 3.872160, 1.629305, 4.654466, 2.982786, 0.388041, 2.632969, 131.342148, 0.988240, 2.568356, 0.667575, 3.265157
1763499659.911275, 240.301331, 533.772034, 771.568237, 774.073364, 77.763702, 31.043741, 2, 3.819687, 1.597595, 5.407866, 2.947149, 0.383904, 2.583471, 125.924728, 0.988240, 2.568356, 0.667575, 3.265157
1763499660.707930, 234.956345, 555.400085, 796.619202, 790.356445, 75.318298, 29.727898, 2, 3.828706, 1.666377, 4.212416, 3.050020, 0.391526, 2.691923, 137.067078, 0.988240, 2.568356, 0.667575, 3.265157
1763499661.494578, 230.680344, 550.908264, 786.598816, 781.588623, 76.277763, 29.514292, 2, 3.773913, 1.678121, 2.221846, 2.968556, 0.387110, 2.710842, 218.807404, 0.988240, 2.568356, 0.667575, 3.265157
1763499662.258668, 232.818344, 533.739685, 764.052979, 766.558044, 78.528587, 30.371914, 2, 3.750830, 1.631968, 2.892944, 2.865833, 0.379952, 2.637166, 183.864548, 0.988240, 2.568356, 0.667575, 3.265157
1763499663.024011, 244.577332, 534.506226, 765.305542, 779.083557, 78.400063, 31.392952, 2, 3.771586, 1.580310, 4.732820, 2.886415, 0.386508, 2.556848, 98.745583, 0.988240, 2.568356, 0.667575, 3.265157
1763499663.823171, 245.646317, 554.730530, 799.124329, 800.376831, 75.082184, 30.691332, 2, 3.609380, 1.615438, 3.899776, 2.884344, 0.396826, 2.611218, 154.090408, 0.988240, 2.568356, 0.667575, 3.265157
1763499664.604809, 239.232315, 534.841064, 781.588623, 774.073364, 76.766724, 30.905638, 2, 3.657037, 1.604539, 3.076803, 2.858299, 0.383858, 2.594237, 166.819321, 0.988240, 2.568356, 0.667575, 3.265157
1763499665.390192, 226.404358, 543.911377, 785.346252, 770.315735, 76.399422, 29.391113, 2, 3.615275, 1.684971, 2.451964, 2.839243, 0.381485, 2.721931, 164.670425, 0.988240, 2.568356, 0.667575, 3.265157
1763499666.154281, 226.404358, 537.648621, 764.052979, 764.052979, 78.528587, 29.632023, 2, 3.779095, 1.671628, 2.479447, 2.887429, 0.378464, 2.700366, 174.125198, 0.988240, 2.568356, 0.667575, 3.265157
1763499666.940917, 231.749359, 561.112183, 786.598816, 792.861572, 76.277763, 29.229486, 2, 3.704338, 1.694047, 3.673273, 2.913828, 0.392594, 2.736685, 131.303802, 0.988240, 2.568356, 0.667575, 3.265157
1763499667.703755, 230.680344, 530.867493, 762.800415, 761.547852, 78.657532, 30.290985, 2, 3.801097, 1.636212, 4.290955, 2.899479, 0.377442, 2.643865, 158.836044, 0.988240, 2.568356, 0.667575, 3.265157
1763499668.480382, 229.611359, 545.714600, 776.578430, 775.325928, 77.261993, 29.614819, 2, 3.750084, 1.672573, 4.043572, 2.912234, 0.384042, 2.701890, 145.640793, 0.988240, 2.568356, 0.667575, 3.265157
1763499669.265765, 225.335358, 555.000732, 785.346252, 780.336121, 76.399422, 28.876703, 2, 3.778658, 1.714210, 3.519480, 2.967555, 0.386272, 2.769712, 186.065262, 0.988240, 2.568356, 0.667575, 3.265157
1763499670.042380, 225.335358, 551.243042, 776.578430, 776.578430, 77.261993, 29.016432, 2, 3.919282, 1.706165, 3.255939, 3.043630, 0.384459, 2.756493, 172.283188, 0.988240, 2.568356, 0.667575, 3.265157
1763499670.812732, 227.473358, 545.347412, 770.315735, 772.820801, 77.890137, 29.434166, 2, 3.841978, 1.682571, 3.395936, 2.959536, 0.382740, 2.718040, 184.492249, 0.988240, 2.568356, 0.667575, 3.265157
1763499671.590612, 234.956345, 551.642456, 777.830994, 786.598816, 77.137581, 29.869907, 2, 3.764101, 1.658662, 4.521405, 2.927834, 0.389713, 2.679558, 123.880920, 0.988240, 2.568356, 0.667575, 3.265157
1763499672.374742, 230.680344, 548.403198, 784.093750, 779.083557, 76.521461, 29.609192, 2, 3.723695, 1.672883, 3.377343, 2.919726, 0.385901, 2.702388, 189.401505, 0.988240, 2.568356, 0.667575, 3.265157
1763499673.148853, 219.990372, 541.557495, 774.073364, 761.547852, 77.512032, 28.887268, 2, 3.783741, 1.713599, 2.482694, 2.928893, 0.376975, 2.768706, 185.277664, 0.988240, 2.568356, 0.667575, 3.265157
1763499673.926720, 229.611359, 559.492554, 777.830994, 789.103943, 77.137581, 29.097733, 2, 3.805200, 1.701520, 2.510582, 2.959802, 0.390688, 2.748886, 193.633209, 0.988240, 2.568356, 0.667575, 3.265157
1763499674.713368, 228.542343, 556.803894, 786.598816, 785.346252, 76.277763, 29.100838, 2, 3.754385, 1.701343, 1.770390, 2.953195, 0.388829, 2.748597, 189.180054, 0.988240, 2.568356, 0.667575, 3.265157
1763499675.493741, 230.680344, 552.160828, 780.336121, 782.841187, 76.889946, 29.467068, 2, 3.739665, 1.680741, 3.428436, 2.918195, 0.387714, 2.715078, 163.096298, 0.988240, 2.568356, 0.667575, 3.265157
1763499676.281629, 231.749359, 557.354614, 787.851379, 789.103943, 76.156494, 29.368675, 2, 3.780466, 1.686225, 3.290431, 2.978445, 0.390782, 2.723965, 182.675156, 0.988240, 2.568356, 0.667575, 3.265157
1763499677.064506, 223.197357, 549.623413, 782.841187, 772.820801, 76.643898, 28.880867, 2, 3.704114, 1.713969, 1.890945, 2.899733, 0.382553, 2.769315, 172.938736, 0.988240, 2.568356, 0.667575, 3.265157
1763499677.832366, 237.094315, 546.999451, 767.810608, 784.093750, 78.144272, 30.238005, 2, 3.769888, 1.639002, 3.073372, 2.894560, 0.388598, 2.648278, 196.751785, 0.988240, 2.568356, 0.667575, 3.265157
1763499678.607729, 233.887360, 537.680908, 775.325928, 771.568237, 77.386810, 30.313244, 2, 3.752762, 1.635043, 3.431866, 2.909614, 0.382416, 2.642017, 182.618820, 0.988240, 2.568356, 0.667575, 3.265157
1763499679.396870, 229.611359, 554.482422, 789.103943, 784.093750, 76.035614, 29.283661, 2, 3.700229, 1.690994, 2.991071, 2.919866, 0.388271, 2.731714, 184.729691, 0.988240, 2.568356, 0.667575, 3.265157
1763499680.181000, 238.163330, 555.950806, 784.093750, 794.114136, 76.521461, 29.991070, 2, 3.722164, 1.652138, 3.011471, 2.918526, 0.393479, 2.669141, 188.689987, 0.988240, 2.568356, 0.667575, 3.265157
1763499680.968900, 228.542343, 548.036072, 787.851379, 776.578430, 76.156494, 29.429398, 2, 3.754716, 1.682836, 2.912053, 2.958158, 0.384599, 2.718471, 186.717880, 0.988240, 2.568356, 0.667575, 3.265157
1763499681.750525, 234.956345, 554.147583, 781.588623, 789.103943, 76.766724, 29.775084, 2, 3.758029, 1.663806, 3.174229, 2.937232, 0.390922, 2.687796, 181.128967, 0.988240, 2.568356, 0.667575, 3.265157
1763499682.537161, 233.887360, 551.458862, 786.598816, 785.346252, 76.277763, 29.781431, 2, 3.709394, 1.663460, 2.512685, 2.917804, 0.389062, 2.687242, 206.106827, 0.988240, 2.568356, 0.667575, 3.265157
1763499683.320039, 234.956345, 549.137390, 782.841187, 784.093750, 76.643898, 29.965338, 2, 3.680707, 1.653519, 2.985685, 2.881409, 0.388505, 2.671343, 193.327560, 0.988240, 2.568356, 0.667575, 3.265157
1763499684.099172, 227.473358, 542.842407, 779.083557, 770.315735, 77.013565, 29.529888, 2, 3.738229, 1.677258, 2.995203, 2.912393, 0.381532, 2.709447, 216.800034, 0.988240, 2.568356, 0.667575, 3.265157
1763499684.885807, 231.749359, 559.859619, 786.598816, 791.609009, 76.277763, 29.275736, 2, 3.754307, 1.691440, 3.527521, 2.953133, 0.391990, 2.732439, 178.847824, 0.988240, 2.568356, 0.667575, 3.265157
1763499685.657412, 241.370316, 541.470886, 771.568237, 782.841187, 77.763702, 30.832603, 2, 3.793374, 1.608237, 3.416557, 2.926847, 0.388181, 2.599987, 175.362564, 0.988240, 2.568356, 0.667575, 3.265157
1763499686.425259, 243.508316, 526.807434, 767.810608, 770.315735, 78.144272, 31.611494, 2, 3.859982, 1.569686, 4.830688, 2.963736, 0.382232, 2.540612, 123.230904, 0.988240, 2.568356, 0.667575, 3.265157
1763499687.223180, 240.301331, 553.812805, 797.871765, 794.114136, 75.200058, 30.260300, 2, 3.708131, 1.637827, 3.195883, 2.958613, 0.393572, 2.646418, 176.364563, 0.988240, 2.568356, 0.667575, 3.265157
1763499688.004805, 244.577332, 542.021484, 781.588623, 786.598816, 76.766724, 31.093019, 2, 3.616653, 1.595133, 3.625095, 2.826735, 0.390133, 2.579662, 172.643539, 0.988240, 2.568356, 0.667575, 3.265157
1763499688.791440, 237.094315, 540.736694, 786.598816, 777.830994, 76.277763, 30.481470, 2, 3.602916, 1.626260, 3.159989, 2.834049, 0.385577, 2.628179, 198.351212, 0.988240, 2.568356, 0.667575, 3.265157
1763499689.581834, 227.473358, 551.610229, 790.356445, 779.083557, 75.915115, 29.197556, 2, 3.451415, 1.695852, 2.261872, 2.727848, 0.385761, 2.739628, 180.495438, 0.988240, 2.568356, 0.667575, 3.265157
1763499690.353451, 237.094315, 545.746887, 771.568237, 782.841187, 77.763702, 30.286386, 2, 3.684813, 1.636454, 3.001953, 2.843085, 0.387994, 2.644247, 208.721390, 0.988240, 2.568356, 0.667575, 3.265157
1763499691.128814, 225.335358, 536.212524, 775.325928, 761.547852, 77.386810, 29.589125, 2, 3.858474, 1.673988, 3.147668, 2.991575, 0.377209, 2.704170, 173.949692, 0.988240, 2.568356, 0.667575, 3.265157
1763499691.909186, 225.335358, 555.000732, 780.336121, 780.336121, 76.889946, 28.876703, 2, 3.944645, 1.714210, 4.522585, 3.078149, 0.386272, 2.769712, 127.545357, 0.988240, 2.568356, 0.667575, 3.265157
1763499692.700832, 224.266357, 566.090088, 791.609009, 790.356445, 75.794991, 28.375343, 2, 3.968339, 1.743727, 2.427728, 3.141373, 0.391059, 2.818685, 247.392868, 0.988240, 2.568356, 0.667575, 3.265157
1763499693.477459, 215.714386, 550.843628, 776.578430, 766.558044, 77.261993, 28.140646, 2, 3.893162, 1.757905, 1.564471, 3.023346, 0.379205, 2.842473, 215.887848, 0.988240, 2.568356, 0.667575, 3.265157
1763499694.241549, 227.473358, 550.357666, 764.052979, 777.830994, 78.528587, 29.244576, 2, 3.968616, 1.693196, 5.133037, 3.032233, 0.385157, 2.735298, 143.305191, 0.988240, 2.568356, 0.667575, 3.265157
1763499695.038206, 230.680344, 569.696472, 796.619202, 800.376831, 75.318298, 28.821468, 2, 3.872884, 1.717411, 1.515187, 3.085214, 0.396173, 2.774988, 240.800674, 0.988240, 2.568356, 0.667575, 3.265157
1763499695.822336, 239.232315, 554.881836, 784.093750, 794.114136, 76.521461, 30.125683, 2, 3.740643, 1.644951, 3.491849, 2.933014, 0.393525, 2.657707, 178.580460, 0.988240, 2.568356, 0.667575, 3.265157
1763499696.605226, 239.232315, 543.608887, 782.841187, 782.841187, 76.643898, 30.559496, 2, 3.791508, 1.622219, 4.142141, 2.968149, 0.388087, 2.621835, 127.882858, 0.988240, 2.568356, 0.667575, 3.265157
1763499697.391861, 233.887360, 546.448730, 786.598816, 780.336121, 76.277763, 29.972643, 2, 3.794723, 1.653127, 3.320607, 2.984925, 0.386645, 2.670717, 211.598343, 0.988240, 2.568356, 0.667575, 3.265157
1763499698.170981, 238.163330, 545.930420, 779.083557, 784.093750, 77.013565, 30.374342, 2, 3.731671, 1.631842, 3.465436, 2.907284, 0.388645, 2.636966, 198.540070, 0.988240, 2.568356, 0.667575, 3.265157
1763499698.952607, 249.922318, 545.444336, 781.588623, 795.366638, 76.766724, 31.422277, 2, 3.624982, 1.578876, 4.244769, 2.833245, 0.394596, 2.554650, 122.626236, 0.988240, 2.568356, 0.667575, 3.265157
1763499699.726729, 247.784317, 523.783936, 774.073364, 771.568237, 77.512032, 32.114376, 2, 3.646943, 1.545790, 2.968642, 2.823001, 0.383023, 2.504441, 131.961197, 0.988240, 2.568356, 0.667575, 3.265157
1763499700.507102, 250.991302, 533.102417, 780.336121, 784.093750, 76.889946, 32.010368, 2, 3.557235, 1.550671, 6.204647, 2.775839, 0.389205, 2.511789, 101.672432, 0.988240, 2.568356, 0.667575, 3.265157
1763499701.263677, 232.818344, 502.426086, 756.537720, 735.244446, 79.308670, 31.665432, 2, 4.096159, 1.567087, 3.237826, 3.098899, 0.364847, 2.536654, 191.778854, 0.988240, 2.568356, 0.667575, 3.265157
1763499702.052817, 229.611359, 555.734863, 789.103943, 785.346252, 76.035614, 29.236958, 2, 3.765143, 1.693625, 2.787292, 2.971090, 0.388876, 2.735998, 184.833878, 0.988240, 2.568356, 0.667575, 3.265157
1763499702.830697, 226.404358, 547.669006, 777.830994, 774.073364, 77.137581, 29.248438, 2, 3.790924, 1.692978, 3.292387, 2.948698, 0.383298, 2.734943, 203.312988, 0.988240, 2.568356, 0.667575, 3.265157
1763499703.596039, 226.404358, 538.901184, 765.305542, 765.305542, 78.400063, 29.583527, 2, 3.745005, 1.674296, 3.326066, 2.866073, 0.379068, 2.704667, 205.196732, 0.988240, 2.568356, 0.667575, 3.265157
1763499704.360128, 228.542343, 538.015686, 764.052979, 766.558044, 78.528587, 29.814095, 2, 3.732989, 1.661686, 3.350561, 2.852201, 0.379766, 2.684398, 172.794220, 0.988240, 2.568356, 0.667575, 3.265157
1763499705.120460, 237.094315, 533.221436, 760.295349, 770.315735, 78.916702, 30.778849, 2, 3.750256, 1.610969, 3.860415, 2.851302, 0.381952, 2.604243, 154.334366, 0.988240, 2.568356, 0.667575, 3.265157
1763499705.893318, 233.887360, 535.175781, 772.820801, 769.063171, 77.637665, 30.411983, 2, 3.712075, 1.629876, 4.216880, 2.868768, 0.381207, 2.633868, 159.803177, 0.988240, 2.568356, 0.667575, 3.265157
1763499706.666176, 237.094315, 539.484131, 772.820801, 776.578430, 77.637665, 30.530634, 2, 3.720506, 1.623711, 4.194156, 2.875285, 0.384973, 2.624176, 153.978043, 0.988240, 2.568356, 0.667575, 3.265157
1763499707.457834, 230.680344, 553.413391, 791.609009, 784.093750, 75.794991, 29.419994, 2, 3.698978, 1.683360, 2.554592, 2.928144, 0.388318, 2.719319, 206.818039, 0.988240, 2.568356, 0.667575, 3.265157
1763499708.231944, 232.818344, 543.760071, 774.073364, 776.578430, 77.512032, 29.980015, 2, 3.751491, 1.652731, 3.325144, 2.903929, 0.384786, 2.670086, 178.224716, 0.988240, 2.568356, 0.667575, 3.265157
1763499709.024842, 237.094315, 560.777466, 792.861572, 797.871765, 75.675255, 29.715841, 2, 3.765985, 1.667036, 5.082276, 2.985904, 0.395245, 2.692980, 122.084328, 0.988240, 2.568356, 0.667575, 3.265157
1763499709.803974, 243.508316, 543.090515, 779.083557, 786.598816, 77.013565, 30.957117, 2, 3.660506, 1.601944, 5.053281, 2.851840, 0.390087, 2.590208, 121.026001, 0.988240, 2.568356, 0.667575, 3.265157
1763499710.583094, 234.956345, 534.106812, 779.083557, 769.063171, 77.013565, 30.550980, 2, 3.687957, 1.622659, 4.035862, 2.873227, 0.381254, 2.622525, 119.904907, 0.988240, 2.568356, 0.667575, 3.265157
1763499711.358458, 234.956345, 540.369568, 775.325928, 775.325928, 77.386810, 30.304203, 2, 3.736993, 1.635517, 3.828099, 2.897388, 0.384275, 2.642767, 182.993240, 0.988240, 2.568356, 0.667575, 3.265157
1763499712.135073, 244.577332, 543.274048, 776.578430, 787.851379, 77.261993, 31.043587, 2, 3.689518, 1.597603, 3.802608, 2.865201, 0.390737, 2.583483, 183.848816, 0.988240, 2.568356, 0.667575, 3.265157
1763499712.914193, 245.646317, 534.689819, 779.083557, 780.336121, 77.013565, 31.479553, 2, 3.579863, 1.576082, 3.599973, 2.789013, 0.387159, 2.550375, 164.085129, 0.988240, 2.568356, 0.667575, 3.265157
1763499713.693325, 253.129303, 534.722046, 779.083557, 787.851379, 77.013565, 32.129066, 2, 3.535951, 1.545103, 2.134787, 2.754802, 0.391111, 2.503408, 173.280197, 0.988240, 2.568356, 0.667575, 3.265157
1763499714.467435, 257.405304, 521.678223, 774.073364, 779.083557, 77.512032, 33.039497, 2, 3.611516, 1.503730, 4.343965, 2.795578, 0.387068, 2.441954, 127.882957, 0.988240, 2.568356, 0.667575, 3.265157
1763499715.254071, 264.888245, 530.478394, 786.598816, 795.366638, 76.277763, 33.303917, 2, 3.200477, 1.492137, 0.051623, 2.517491, 0.395250, 2.424996, 140.148849, 0.988240, 2.568356, 0.667575, 3.265157
1763499716.029433, 260.612305, 509.703430, 775.325928, 770.315735, 77.386810, 33.831882, 2, 3.051088, 1.469533, 1.568160, 2.365587, 0.382978, 2.392257, 103.094795, 0.988240, 2.568356, 0.667575, 3.265157
1763499716.822344, 248.853302, 530.230225, 792.861572, 779.083557, 75.675255, 31.941799, 2, 3.228089, 1.553906, 3.096871, 2.559428, 0.386695, 2.516671, 127.084541, 0.988240, 2.568356, 0.667575, 3.265157
1763499717.616495, 248.853302, 545.260864, 794.114136, 794.114136, 75.555893, 31.337223, 2, 3.387227, 1.583043, 3.945851, 2.689845, 0.393945, 2.561040, 150.427353, 0.988240, 2.568356, 0.667575, 3.265157
1763499718.399373, 245.646317, 533.437256, 782.841187, 779.083557, 76.643898, 31.530163, 2, 3.531140, 1.573623, 3.914679, 2.764322, 0.386555, 2.546616, 161.882919, 0.988240, 2.568356, 0.667575, 3.265157
1763499719.173483, 252.060318, 529.528320, 774.073364, 781.588623, 77.512032, 32.249744, 2, 3.492392, 1.539485, 4.950986, 2.703367, 0.388043, 2.494977, 117.639481, 0.988240, 2.568356, 0.667575, 3.265157
1763499719.961383, 249.922318, 535.423950, 787.851379, 785.346252, 76.156494, 31.823200, 2, 3.469510, 1.559534, 3.953082, 2.733458, 0.389762, 2.525185, 119.359268, 0.988240, 2.568356, 0.667575, 3.265157
1763499720.740503, 247.784317, 528.794128, 779.083557, 776.578430, 77.013565, 31.907187, 2, 3.478173, 1.555544, 5.018752, 2.709787, 0.385439, 2.519146, 102.145004, 0.988240, 2.568356, 0.667575, 3.265157
1763499721.515865, 244.577332, 526.990906, 775.325928, 771.568237, 77.386810, 31.698730, 2, 3.568071, 1.565487, 4.638493, 2.766418, 0.382883, 2.534220, 130.115250, 0.988240, 2.568356, 0.667575, 3.265157
1763499722.298743, 241.370316, 537.713257, 782.841187, 779.083557, 76.643898, 30.981314, 2, 3.633768, 1.600727, 4.363554, 2.844663, 0.386368, 2.588321, 163.816483, 0.988240, 2.568356, 0.667575, 3.265157
1763499723.090402, 245.646317, 550.972900, 791.609009, 796.619202, 75.794991, 30.836102, 2, 3.575037, 1.608059, 3.602777, 2.830031, 0.395014, 2.599710, 175.921494, 0.988240, 2.568356, 0.667575, 3.265157
1763499723.877037, 245.646317, 540.952515, 786.598816, 786.598816, 76.277763, 31.228920, 2, 3.488833, 1.588381, 4.403911, 2.744312, 0.390180, 2.569247, 115.120049, 0.988240, 2.568356, 0.667575, 3.265157
1763499724.646137, 248.853302, 523.967529, 769.063171, 772.820801, 78.016998, 32.200645, 2, 3.672042, 1.541766, 5.885882, 2.824033, 0.383673, 2.498397, 113.330948, 0.988240, 2.568356, 0.667575, 3.265157
1763499725.437795, 244.577332, 542.021484, 791.609009, 786.598816, 75.794991, 31.093019, 2, 3.639527, 1.595133, 5.321949, 2.881083, 0.390133, 2.579662, 128.089661, 0.988240, 2.568356, 0.667575, 3.265157
1763499726.231945, 243.508316, 549.353271, 794.114136, 792.861572, 75.555893, 30.712589, 2, 3.567956, 1.614350, 3.730747, 2.833364, 0.393108, 2.609519, 165.313156, 0.988240, 2.568356, 0.667575, 3.265157
1763499726.997288, 241.370316, 521.430115, 765.305542, 762.800415, 78.400063, 31.642658, 2, 3.659939, 1.568183, 4.167042, 2.800972, 0.378513, 2.538322, 152.145950, 0.988240, 2.568356, 0.667575, 3.265157
1763499727.770145, 243.508316, 531.817627, 772.820801, 775.325928, 77.637665, 31.407219, 2, 3.734816, 1.579612, 4.883330, 2.886343, 0.384649, 2.555778, 122.246269, 0.988240, 2.568356, 0.667575, 3.265157
1763499728.556794, 240.301331, 542.539856, 786.598816, 782.841187, 76.277763, 30.696053, 2, 3.643738, 1.615197, 5.134770, 2.866160, 0.388134, 2.610841, 124.194931, 0.988240, 2.568356, 0.667575, 3.265157
1763499729.327146, 228.542343, 527.995361, 770.315735, 756.537720, 77.890137, 30.208981, 2, 3.718531, 1.640535, 4.020848, 2.864443, 0.374932, 2.650705, 153.828827, 0.988240, 2.568356, 0.667575, 3.265157
1763499730.097498, 233.887360, 542.691040, 770.315735, 776.578430, 77.890137, 30.117672, 2, 3.710583, 1.645377, 3.697731, 2.858320, 0.384833, 2.658383, 180.161697, 0.988240, 2.568356, 0.667575, 3.265157
1763499730.862840, 227.473358, 530.316895, 765.305542, 757.790222, 78.400063, 30.017984, 2, 3.754507, 1.650696, 4.128271, 2.873345, 0.375489, 2.666843, 169.823990, 0.988240, 2.568356, 0.667575, 3.265157
1763499731.616909, 238.163330, 528.394714, 754.032654, 766.558044, 79.572151, 31.069183, 2, 3.853874, 1.596323, 4.734886, 2.905946, 0.380186, 2.581502, 109.147705, 0.988240, 2.568356, 0.667575, 3.265157
1763499732.391019, 237.094315, 535.726501, 774.073364, 772.820801, 77.512032, 30.679079, 2, 3.656513, 1.616066, 4.409112, 2.830410, 0.383160, 2.612200, 129.973526, 0.988240, 2.568356, 0.667575, 3.265157
1763499733.150111, 238.163330, 522.132019, 759.042786, 760.295349, 79.046928, 31.325108, 2, 3.718637, 1.583638, 5.192724, 2.822604, 0.377164, 2.561954, 123.080597, 0.988240, 2.568356, 0.667575, 3.265157
1763499733.914201, 228.542343, 524.237732, 764.052979, 752.780090, 78.528587, 30.359776, 2, 3.810045, 1.632604, 4.941911, 2.911076, 0.373119, 2.638168, 128.737137, 0.988240, 2.568356, 0.667575, 3.265157
1763499734.687059, 227.473358, 544.094849, 772.820801, 771.568237, 77.637665, 29.481951, 2, 3.747696, 1.679914, 4.251519, 2.896297, 0.382136, 2.713741, 129.734680, 0.988240, 2.568356, 0.667575, 3.265157
1763499735.454906, 234.956345, 541.622070, 767.810608, 776.578430, 78.144272, 30.255327, 2, 3.835550, 1.638089, 4.060910, 2.944976, 0.384879, 2.646832, 161.237228, 0.988240, 2.568356, 0.667575, 3.265157
1763499736.232774, 230.680344, 542.140442, 777.830994, 772.820801, 77.137581, 29.849138, 2, 3.830850, 1.659786, 4.163795, 2.979754, 0.382880, 2.681356, 168.666428, 0.988240, 2.568356, 0.667575, 3.265157
1763499737.009401, 231.749359, 546.081665, 776.578430, 777.830994, 77.261993, 29.794308, 2, 3.819927, 1.662760, 3.631477, 2.966473, 0.385344, 2.686119, 166.656555, 0.988240, 2.568356, 0.667575, 3.265157
1763499737.778501, 228.542343, 536.763184, 769.063171, 765.305542, 78.016998, 29.862890, 2, 3.868561, 1.659042, 3.859603, 2.975168, 0.379161, 2.680165, 163.643188, 0.988240, 2.568356, 0.667575, 3.265157
1763499738.556368, 228.542343, 549.288635, 777.830994, 777.830994, 77.137581, 29.382006, 2, 3.778241, 1.685480, 3.873436, 2.938833, 0.385204, 2.722756, 166.873199, 0.988240, 2.568356, 0.667575, 3.265157
1763499739.329226, 230.680344, 544.645569, 772.820801, 775.325928, 77.637665, 29.752693, 2, 3.792549, 1.665025, 3.915011, 2.930961, 0.384088, 2.689752, 150.293915, 0.988240, 2.568356, 0.667575, 3.265157
1763499740.100844, 232.818344, 541.255005, 771.568237, 774.073364, 77.763702, 30.077038, 2, 3.769122, 1.647540, 4.683867, 2.908135, 0.383578, 2.661822, 166.224442, 0.988240, 2.568356, 0.667575, 3.265157
1763499740.882469, 236.025330, 549.320923, 781.588623, 785.346252, 76.766724, 30.053663, 2, 3.763059, 1.648788, 3.699502, 2.941164, 0.389156, 2.663806, 175.672226, 0.988240, 2.568356, 0.667575, 3.265157
1763499741.666599, 239.232315, 548.619080, 784.093750, 787.851379, 76.521461, 30.365158, 2, 3.793531, 1.632322, 4.947887, 2.974484, 0.390504, 2.637723, 127.768639, 0.988240, 2.568356, 0.667575, 3.265157
1763499742.456992, 233.887360, 550.206421, 790.356445, 784.093750, 75.915115, 29.829004, 2, 3.713649, 1.660877, 3.016267, 2.935106, 0.388458, 2.683102, 174.244217, 0.988240, 2.568356, 0.667575, 3.265157
1763499743.237377, 232.818344, 546.265198, 780.336121, 779.083557, 76.889946, 29.883617, 2, 3.743236, 1.657921, 4.352339, 2.920982, 0.385995, 2.678373, 147.888336, 0.988240, 2.568356, 0.667575, 3.265157
1763499744.019002, 233.887360, 548.953857, 781.588623, 782.841187, 76.766724, 29.876732, 2, 3.783139, 1.658293, 3.983257, 2.956858, 0.387854, 2.678968, 128.581253, 0.988240, 2.568356, 0.667575, 3.265157
1763499744.795618, 233.887360, 542.691040, 776.578430, 776.578430, 77.261993, 30.117672, 2, 3.801301, 1.645377, 3.183599, 2.952008, 0.384833, 2.658383, 161.062851, 0.988240, 2.568356, 0.667575, 3.265157
1763499745.563465, 227.473358, 532.822021, 767.810608, 760.295349, 78.144272, 29.919079, 2, 3.863520, 1.656008, 3.752586, 2.966451, 0.376698, 2.675316, 164.165314, 0.988240, 2.568356, 0.667575, 3.265157
1763499746.327555, 240.301331, 538.782227, 764.052979, 779.083557, 78.528587, 30.844101, 2, 3.878260, 1.607653, 5.722940, 2.963196, 0.386321, 2.599079, 112.816422, 0.988240, 2.568356, 0.667575, 3.265157
1763499747.125475, 229.611359, 555.734863, 797.871765, 785.346252, 75.200058, 29.236958, 2, 3.813117, 1.693625, 3.078389, 3.042378, 0.388876, 2.735998, 211.756516, 0.988240, 2.568356, 0.667575, 3.265157
1763499747.904595, 219.990372, 547.820251, 779.083557, 767.810608, 77.013565, 28.651646, 2, 3.932853, 1.727332, 2.497929, 3.064021, 0.379996, 2.791392, 223.770279, 0.988240, 2.568356, 0.667575, 3.265157
1763499748.678705, 217.852371, 553.715881, 774.073364, 771.568237, 77.512032, 28.235010, 2, 3.872300, 1.752176, 1.907693, 2.997444, 0.381716, 2.832840, 199.793976, 0.988240, 2.568356, 0.667575, 3.265157
1763499749.431522, 239.232315, 538.598694, 752.780090, 777.830994, 79.704552, 30.756336, 2, 3.917652, 1.612116, 5.617288, 2.949131, 0.385670, 2.606032, 141.948914, 0.988240, 2.568356, 0.667575, 3.265157
1763499750.215666, 233.887360, 543.943604, 784.093750, 777.830994, 76.521461, 30.069176, 2, 3.820981, 1.647960, 3.874248, 2.996007, 0.385437, 2.662489, 180.733795, 0.988240, 2.568356, 0.667575, 3.265157
1763499750.989775, 228.542343, 539.268250, 774.073364, 767.810608, 77.512032, 29.765457, 2, 3.773317, 1.664330, 3.786783, 2.920824, 0.380370, 2.688636, 183.680405, 0.988240, 2.568356, 0.667575, 3.265157
1763499751.775158, 231.749359, 557.354614, 785.346252, 789.103943, 76.399422, 29.368675, 2, 3.772506, 1.686225, 2.395929, 2.962724, 0.390782, 2.723965, 222.915054, 0.988240, 2.568356, 0.667575, 3.265157
1763499752.553026, 232.818344, 546.265198, 777.830994, 779.083557, 77.137581, 29.883617, 2, 3.792321, 1.657921, 2.813262, 2.949785, 0.385995, 2.678373, 184.435532, 0.988240, 2.568356, 0.667575, 3.265157
1763499753.338421, 228.542343, 551.793762, 785.346252, 780.336121, 76.399422, 29.287682, 2, 3.769729, 1.690768, 2.050457, 2.960543, 0.386412, 2.731346, 218.677490, 0.988240, 2.568356, 0.667575, 3.265157
1763499754.115036, 230.680344, 548.403198, 776.578430, 779.083557, 77.261993, 29.609192, 2, 3.740264, 1.672883, 2.320121, 2.904608, 0.385901, 2.702388, 218.941025, 0.988240, 2.568356, 0.667575, 3.265157
1763499754.895409, 232.818344, 550.022827, 780.336121, 782.841187, 76.889946, 29.740175, 2, 3.756825, 1.665707, 3.689615, 2.931587, 0.387807, 2.690847, 195.674179, 0.988240, 2.568356, 0.667575, 3.265157
1763499755.675782, 228.542343, 546.783569, 780.336121, 775.325928, 76.889946, 29.476938, 2, 3.836225, 1.680193, 3.084365, 2.993545, 0.383995, 2.714191, 201.092316, 0.988240, 2.568356, 0.667575, 3.265157
1763499756.451145, 234.956345, 547.884827, 775.325928, 782.841187, 77.386810, 30.013285, 2, 3.897759, 1.650947, 3.640625, 3.022034, 0.387901, 2.667244, 173.637711, 0.988240, 2.568356, 0.667575, 3.265157
1763499757.234035, 231.749359, 547.334229, 782.841187, 779.083557, 76.643898, 29.746407, 2, 3.838078, 1.665368, 3.639888, 3.004605, 0.385948, 2.690302, 189.196823, 0.988240, 2.568356, 0.667575, 3.265157
1763499758.014407, 229.611359, 548.219604, 780.336121, 777.830994, 76.889946, 29.519442, 2, 3.810039, 1.677836, 4.096620, 2.973111, 0.385250, 2.710381, 122.875999, 0.988240, 2.568356, 0.667575, 3.265157
1763499758.803548, 227.473358, 559.125488, 789.103943, 786.598816, 76.035614, 28.918600, 2, 3.754810, 1.711790, 3.294489, 2.962935, 0.389387, 2.765729, 185.934311, 0.988240, 2.568356, 0.667575, 3.265157
1763499759.585185, 230.680344, 554.665894, 781.588623, 785.346252, 76.766724, 29.373074, 2, 3.746104, 1.685980, 2.554481, 2.927913, 0.388922, 2.723567, 215.520859, 0.988240, 2.568356, 0.667575, 3.265157
1763499760.369315, 229.611359, 553.229858, 784.093750, 782.841187, 76.521461, 29.330517, 2, 3.727664, 1.688362, 3.720270, 2.922838, 0.387667, 2.727435, 193.243668, 0.988240, 2.568356, 0.667575, 3.265157
1763499761.154699, 230.680344, 555.918457, 785.346252, 786.598816, 76.399422, 29.326302, 2, 3.763589, 1.688599, 2.927658, 2.955720, 0.389527, 2.727819, 217.776443, 0.988240, 2.568356, 0.667575, 3.265157
1763499761.943840, 228.542343, 558.056458, 789.103943, 786.598816, 76.035614, 29.054499, 2, 3.704870, 1.703987, 2.568757, 2.923527, 0.389433, 2.752923, 190.115402, 0.988240, 2.568356, 0.667575, 3.265157
1763499762.734245, 233.887360, 562.731812, 790.356445, 796.619202, 75.915115, 29.359997, 2, 3.703818, 1.686711, 2.369368, 2.927336, 0.394500, 2.724754, 204.674667, 0.988240, 2.568356, 0.667575, 3.265157
1763499763.517123, 234.956345, 549.137390, 782.841187, 784.093750, 76.643898, 29.965338, 2, 3.644815, 1.653519, 2.983029, 2.853312, 0.388505, 2.671343, 183.084274, 0.988240, 2.568356, 0.667575, 3.265157
1763499764.302506, 225.335358, 548.738037, 785.346252, 774.073364, 76.399422, 29.110336, 2, 3.786102, 1.700802, 2.665667, 2.973401, 0.383251, 2.747712, 222.699844, 0.988240, 2.568356, 0.667575, 3.265157
1763499765.084131, 237.094315, 558.272339, 781.588623, 795.366638, 76.766724, 29.809437, 2, 3.835577, 1.661939, 3.422460, 2.997843, 0.394036, 2.684803, 162.728271, 0.988240, 2.568356, 0.667575, 3.265157
1763499765.873283, 233.887360, 551.458862, 789.103943, 785.346252, 76.035614, 29.781431, 2, 3.806849, 1.663460, 4.101083, 3.003999, 0.389062, 2.687242, 120.037964, 0.988240, 2.568356, 0.667575, 3.265157
1763499766.667435, 226.404358, 558.941895, 794.114136, 785.346252, 75.555893, 28.828604, 2, 3.751673, 1.716997, 2.241767, 2.979256, 0.388736, 2.774305, 219.963852, 0.988240, 2.568356, 0.667575, 3.265157
1763499767.441545, 233.887360, 548.953857, 774.073364, 782.841187, 77.512032, 29.876732, 2, 3.691133, 1.658293, 2.831117, 2.857207, 0.387854, 2.678968, 207.979324, 0.988240, 2.568356, 0.667575, 3.265157
1763499768.228180, 236.025330, 553.078613, 786.598816, 789.103943, 76.277763, 29.910549, 2, 3.686059, 1.656468, 2.308058, 2.899450, 0.390968, 2.676050, 202.295578, 0.988240, 2.568356, 0.667575, 3.265157
1763499769.021091, 237.094315, 557.019836, 792.861572, 794.114136, 75.675255, 29.856453, 2, 3.673153, 1.659390, 3.440240, 2.912302, 0.393432, 2.680722, 190.883896, 0.988240, 2.568356, 0.667575, 3.265157
1763499769.805221, 239.232315, 547.366516, 784.093750, 786.598816, 76.521461, 30.413511, 2, 3.738913, 1.629796, 4.183311, 2.931659, 0.389900, 2.633743, 162.764862, 0.988240, 2.568356, 0.667575, 3.265157
1763499770.584341, 243.508316, 540.585449, 779.083557, 784.093750, 77.013565, 31.056019, 2, 3.757606, 1.596981, 4.261074, 2.927489, 0.388878, 2.582520, 167.644714, 0.988240, 2.568356, 0.667575, 3.265157
1763499771.370989, 241.370316, 542.723450, 786.598816, 784.093750, 76.277763, 30.783350, 2, 3.754970, 1.610740, 4.084261, 2.953655, 0.388785, 2.603886, 156.689209, 0.988240, 2.568356, 0.667575, 3.265157
1763499772.158878, 232.818344, 545.012634, 787.851379, 777.830994, 76.156494, 29.931740, 2, 3.764342, 1.655326, 3.417553, 2.965742, 0.385390, 2.674227, 200.505905, 0.988240, 2.568356, 0.667575, 3.265157
1763499772.940503, 231.749359, 548.586792, 781.588623, 780.336121, 76.766724, 29.698658, 2, 3.801636, 1.667975, 3.578061, 2.971315, 0.386552, 2.694489, 183.364716, 0.988240, 2.568356, 0.667575, 3.265157
1763499773.724633, 236.025330, 553.078613, 784.093750, 789.103943, 76.521461, 29.910549, 2, 3.812105, 1.656468, 2.814812, 2.989047, 0.390968, 2.676050, 213.368469, 0.988240, 2.568356, 0.667575, 3.265157
1763499774.502513, 231.749359, 541.071411, 777.830994, 772.820801, 77.137581, 29.987463, 2, 3.762593, 1.652331, 3.263391, 2.926661, 0.382927, 2.669449, 210.373032, 0.988240, 2.568356, 0.667575, 3.265157
1763499775.290401, 230.680344, 555.918457, 787.851379, 786.598816, 76.156494, 29.326302, 2, 3.751390, 1.688599, 2.256227, 2.955538, 0.389527, 2.727819, 212.603607, 0.988240, 2.568356, 0.667575, 3.265157
1763499776.058248, 241.370316, 538.965820, 767.810608, 780.336121, 78.144272, 30.931583, 2, 3.843161, 1.603230, 3.863107, 2.950819, 0.386972, 2.592204, 170.771164, 0.988240, 2.568356, 0.667575, 3.265157
1763499776.842378, 237.094315, 541.989258, 784.093750, 779.083557, 76.521461, 30.432463, 2, 3.866938, 1.628808, 4.955781, 3.032042, 0.386181, 2.632188, 130.167191, 0.988240, 2.568356, 0.667575, 3.265157
1763499777.627774, 226.404358, 546.416443, 785.346252, 772.820801, 76.399422, 29.295841, 2, 3.814012, 1.690309, 2.294187, 2.995320, 0.382693, 2.730600, 188.722061, 0.988240, 2.568356, 0.667575, 3.265157
1763499778.401884, 232.818344, 548.770264, 774.073364, 781.588623, 77.512032, 29.787836, 2, 3.800266, 1.663112, 3.351963, 2.941684, 0.387203, 2.686683, 188.917465, 0.988240, 2.568356, 0.667575, 3.265157
1763499779.191025, 228.542343, 555.551392, 789.103943, 784.093750, 76.035614, 29.147324, 2, 3.759889, 1.698699, 3.415487, 2.966943, 0.388225, 2.744275, 183.295364, 0.988240, 2.568356, 0.667575, 3.265157
1763499779.978913, 225.335358, 558.758423, 787.851379, 784.093750, 76.156494, 28.738317, 2, 3.731044, 1.722254, 1.725532, 2.939508, 0.388085, 2.782986, 199.426285, 0.988240, 2.568356, 0.667575, 3.265157
1763499780.755540, 228.542343, 551.793762, 776.578430, 780.336121, 77.261993, 29.287682, 2, 3.720006, 1.690768, 3.157333, 2.888877, 0.386412, 2.731346, 208.839523, 0.988240, 2.568356, 0.667575, 3.265157
1763499781.537165, 228.542343, 553.046265, 781.588623, 781.588623, 76.766724, 29.240746, 2, 3.763851, 1.693412, 2.419575, 2.941783, 0.387016, 2.735650, 208.294266, 0.988240, 2.568356, 0.667575, 3.265157
1763499782.308770, 233.887360, 543.943604, 771.568237, 777.830994, 77.763702, 30.069176, 2, 3.757378, 1.647960, 2.849193, 2.899073, 0.385437, 2.662489, 208.356552, 0.988240, 2.568356, 0.667575, 3.265157
1763499783.082881, 231.749359, 539.818848, 774.073364, 771.568237, 77.512032, 30.036146, 2, 3.731164, 1.649724, 2.201520, 2.888194, 0.382322, 2.665296, 152.245941, 0.988240, 2.568356, 0.667575, 3.265157
1763499783.855738, 224.266357, 539.786621, 772.820801, 764.052979, 77.637665, 29.352200, 2, 3.816110, 1.687147, 3.053230, 2.949169, 0.378370, 2.725462, 202.076508, 0.988240, 2.568356, 0.667575, 3.265157
1763499784.614830, 239.232315, 537.346130, 759.042786, 776.578430, 79.046928, 30.805943, 2, 3.847078, 1.609591, 4.222044, 2.920096, 0.385066, 2.602095, 134.078140, 0.988240, 2.568356, 0.667575, 3.265157
1763499785.397708, 228.542343, 541.773376, 782.841187, 770.315735, 76.643898, 29.668659, 2, 3.716721, 1.669617, 2.502429, 2.909602, 0.381578, 2.697130, 203.046112, 0.988240, 2.568356, 0.667575, 3.265157
1763499786.164302, 230.680344, 538.382812, 766.558044, 769.063171, 78.271957, 29.994980, 2, 3.727987, 1.651928, 4.047224, 2.857718, 0.381067, 2.668807, 174.383224, 0.988240, 2.568356, 0.667575, 3.265157
1763499786.947180, 233.887360, 552.711426, 782.841187, 786.598816, 76.643898, 29.734009, 2, 3.702273, 1.666044, 3.078647, 2.898292, 0.389667, 2.691387, 203.638809, 0.988240, 2.568356, 0.667575, 3.265157
1763499787.723807, 227.473358, 541.589844, 776.578430, 769.063171, 77.261993, 29.577980, 2, 3.667133, 1.674602, 1.789720, 2.847816, 0.380927, 2.705160, 201.272629, 0.988240, 2.568356, 0.667575, 3.265157
1763499788.494160, 228.542343, 543.025879, 770.315735, 771.568237, 77.890137, 29.620495, 2, 3.758008, 1.672261, 3.868235, 2.894853, 0.382183, 2.701387, 123.437500, 0.988240, 2.568356, 0.667575, 3.265157
1763499789.268270, 228.542343, 545.531006, 774.073364, 774.073364, 77.512032, 29.524635, 2, 3.648403, 1.677549, 3.841121, 2.824132, 0.383391, 2.709917, 141.372574, 0.988240, 2.568356, 0.667575, 3.265157
1763499790.044885, 236.025330, 549.320923, 776.578430, 785.346252, 77.261993, 30.053663, 2, 3.686649, 1.648788, 3.658443, 2.862972, 0.389156, 2.663806, 171.605820, 0.988240, 2.568356, 0.667575, 3.265157
1763499790.818995, 231.749359, 537.313843, 774.073364, 769.063171, 77.512032, 30.133984, 2, 3.844035, 1.644509, 4.158668, 2.975565, 0.381114, 2.657007, 167.943207, 0.988240, 2.568356, 0.667575, 3.265157
1763499791.593117, 236.025330, 543.058228, 774.073364, 779.083557, 77.512032, 30.295254, 2, 3.876494, 1.635988, 3.777302, 3.000691, 0.386135, 2.643510, 168.297043, 0.988240, 2.568356, 0.667575, 3.265157
1763499792.372238, 234.956345, 542.874634, 779.083557, 777.830994, 77.013565, 30.206606, 2, 3.818623, 1.640661, 4.030919, 2.975026, 0.385484, 2.650903, 117.165146, 0.988240, 2.568356, 0.667575, 3.265157
1763499793.145095, 236.025330, 538.048035, 772.820801, 774.073364, 77.637665, 30.491337, 2, 3.899816, 1.625748, 4.104551, 3.013859, 0.383718, 2.627374, 138.256714, 0.988240, 2.568356, 0.667575, 3.265157
1763499793.925469, 237.094315, 544.494324, 780.336121, 781.588623, 76.889946, 30.334923, 2, 3.771749, 1.633905, 3.532096, 2.943233, 0.387390, 2.640222, 174.356506, 0.988240, 2.568356, 0.667575, 3.265157
1763499794.708359, 232.818344, 545.012634, 782.841187, 777.830994, 76.643898, 29.931740, 2, 3.693976, 1.655326, 3.674859, 2.891797, 0.385390, 2.674227, 188.464981, 0.988240, 2.568356, 0.667575, 3.265157
1763499795.487479, 225.335358, 544.980347, 779.083557, 770.315735, 77.013565, 29.252338, 2, 3.780993, 1.692758, 4.348687, 2.945710, 0.381438, 2.734585, 171.946426, 0.988240, 2.568356, 0.667575, 3.265157
1763499796.271609, 223.197357, 558.391235, 784.093750, 781.588623, 76.521461, 28.556883, 2, 3.771844, 1.732919, 2.607307, 2.957479, 0.386783, 2.800668, 172.937241, 0.988240, 2.568356, 0.667575, 3.265157
1763499797.050729, 219.990372, 555.335571, 779.083557, 775.325928, 77.013565, 28.373920, 2, 3.809670, 1.743812, 1.853502, 2.968051, 0.383622, 2.818827, 163.422562, 0.988240, 2.568356, 0.667575, 3.265157
1763499797.819829, 229.611359, 550.724731, 769.063171, 780.336121, 78.016998, 29.424673, 2, 3.801267, 1.683100, 3.499043, 2.923414, 0.386459, 2.718897, 174.004898, 0.988240, 2.568356, 0.667575, 3.265157
1763499798.591446, 236.025330, 543.058228, 771.568237, 779.083557, 77.763702, 30.295254, 2, 3.772562, 1.635988, 2.855206, 2.910789, 0.386135, 2.643510, 167.487564, 0.988240, 2.568356, 0.667575, 3.265157
1763499799.373072, 237.094315, 545.746887, 781.588623, 782.841187, 76.766724, 30.286386, 2, 3.685593, 1.636454, 4.322385, 2.880618, 0.387994, 2.644247, 126.108337, 0.988240, 2.568356, 0.667575, 3.265157
1763499800.157202, 234.956345, 546.632263, 784.093750, 781.588623, 76.521461, 30.061382, 2, 3.653224, 1.648376, 3.752918, 2.864470, 0.387296, 2.663150, 171.166031, 0.988240, 2.568356, 0.667575, 3.265157
1763499800.931312, 236.025330, 539.300598, 774.073364, 775.325928, 77.512032, 30.442080, 2, 3.748013, 1.628308, 3.749635, 2.901237, 0.384322, 2.631400, 194.930420, 0.988240, 2.568356, 0.667575, 3.265157
1763499801.710445, 238.163330, 543.425293, 779.083557, 781.588623, 77.013565, 30.471697, 2, 3.751670, 1.626767, 4.394393, 2.922864, 0.387436, 2.628977, 135.001373, 0.988240, 2.568356, 0.667575, 3.265157
1763499802.478292, 253.129303, 532.216919, 767.810608, 785.346252, 78.144272, 32.231556, 2, 3.632157, 1.540329, 4.950801, 2.788809, 0.389902, 2.496243, 107.565613, 0.988240, 2.568356, 0.667575, 3.265157
1763499803.256159, 253.129303, 524.701660, 777.830994, 777.830994, 77.137581, 32.542973, 2, 3.655622, 1.526007, 3.788184, 2.843456, 0.386277, 2.474863, 132.155045, 0.988240, 2.568356, 0.667575, 3.265157
1763499804.040290, 249.922318, 530.413818, 784.093750, 780.336121, 76.521461, 32.027523, 2, 3.702320, 1.549863, 4.497648, 2.902966, 0.387345, 2.510572, 120.951553, 0.988240, 2.568356, 0.667575, 3.265157
1763499804.820675, 241.370316, 528.945435, 780.336121, 770.315735, 76.889946, 31.333946, 2, 3.719151, 1.583203, 5.207185, 2.902188, 0.382138, 2.561287, 103.757469, 0.988240, 2.568356, 0.667575, 3.265157
1763499805.597290, 249.922318, 536.676514, 776.578430, 786.598816, 77.261993, 31.772528, 2, 3.791655, 1.561952, 5.672992, 2.944517, 0.390367, 2.528851, 104.202293, 0.988240, 2.568356, 0.667575, 3.265157
1763499806.358875, 238.163330, 509.606567, 761.547852, 747.769897, 78.786911, 31.849817, 2, 3.984688, 1.558267, 2.196097, 3.034530, 0.371122, 2.523267, 189.356720, 0.988240, 2.568356, 0.667575, 3.265157
1763499807.151773, 238.163330, 554.698242, 792.861572, 792.861572, 75.675255, 30.038448, 2, 3.747013, 1.649601, 4.121741, 2.970863, 0.392874, 2.665100, 149.473999, 0.988240, 2.568356, 0.667575, 3.265157
1763499807.918368, 239.232315, 528.578308, 766.558044, 767.810608, 78.271957, 31.157726, 2, 3.851476, 1.591911, 4.546711, 2.952380, 0.380836, 2.574687, 116.454369, 0.988240, 2.568356, 0.667575, 3.265157
1763499808.708773, 236.025330, 550.573486, 790.356445, 786.598816, 75.915115, 30.005806, 2, 3.819488, 1.651348, 3.958209, 3.018757, 0.389760, 2.667882, 170.153275, 0.988240, 2.568356, 0.667575, 3.265157
1763499809.480378, 238.163330, 535.910034, 771.568237, 774.073364, 77.763702, 30.767540, 2, 3.711586, 1.611545, 5.136947, 2.863742, 0.383811, 2.605141, 116.949997, 0.988240, 2.568356, 0.667575, 3.265157
1763499810.270772, 230.680344, 550.908264, 790.356445, 781.588623, 75.915115, 29.514292, 2, 3.632981, 1.678121, 2.117891, 2.871350, 0.387110, 2.710842, 203.629745, 0.988240, 2.568356, 0.667575, 3.265157
1763499811.043629, 229.611359, 541.956909, 772.820801, 771.568237, 77.637665, 29.759047, 2, 3.672512, 1.664679, 2.771725, 2.838193, 0.382229, 2.689196, 190.706726, 0.988240, 2.568356, 0.667575, 3.265157
1763499811.807731, 228.542343, 534.258057, 764.052979, 762.800415, 78.528587, 29.960962, 2, 3.679065, 1.653754, 2.682525, 2.811001, 0.377953, 2.671718, 188.533920, 0.988240, 2.568356, 0.667575, 3.265157
1763499812.568063, 231.749359, 532.303589, 760.295349, 764.052979, 78.916702, 30.331581, 2, 3.791177, 1.634081, 3.186070, 2.882414, 0.378697, 2.640498, 171.325745, 0.988240, 2.568356, 0.667575, 3.265157
1763499813.334657, 232.818344, 534.992249, 766.558044, 767.810608, 78.271957, 30.322367, 2, 3.753960, 1.634564, 4.119085, 2.877628, 0.380556, 2.641261, 171.291489, 0.988240, 2.568356, 0.667575, 3.265157
1763499814.103757, 230.680344, 535.877686, 769.063171, 766.558044, 78.016998, 30.093006, 2, 3.750600, 1.646689, 2.663490, 2.884448, 0.379859, 2.660469, 207.525421, 0.988240, 2.568356, 0.667575, 3.265157
1763499814.861584, 231.749359, 527.293457, 757.790222, 759.042786, 79.177582, 30.531792, 2, 3.853936, 1.623651, 3.216098, 2.920475, 0.376280, 2.624082, 191.418259, 0.988240, 2.568356, 0.667575, 3.265157
1763499815.620677, 230.680344, 527.109863, 759.042786, 757.790222, 79.046928, 30.441189, 2, 3.902980, 1.628354, 3.193042, 2.962529, 0.375629, 2.631473, 167.221603, 0.988240, 2.568356, 0.667575, 3.265157
1763499816.403554, 241.370316, 553.996338, 782.841187, 795.366638, 76.643898, 30.347050, 2, 3.687037, 1.633270, 2.574512, 2.886364, 0.394223, 2.639219, 214.272446, 0.988240, 2.568356, 0.667575, 3.265157
1763499817.176412, 238.163330, 530.899841, 772.820801, 769.063171, 77.637665, 30.967981, 2, 3.659862, 1.601397, 2.893313, 2.828417, 0.381394, 2.589360, 204.420044, 0.988240, 2.568356, 0.667575, 3.265157
1763499817.959289, 231.749359, 543.576538, 782.841187, 775.325928, 76.643898, 29.890574, 2, 3.670418, 1.657546, 1.631205, 2.873354, 0.384135, 2.677773, 187.248245, 0.988240, 2.568356, 0.667575, 3.265157
1763499818.725884, 229.611359, 534.441650, 766.558044, 764.052979, 78.271957, 30.051760, 2, 3.753549, 1.648889, 2.998338, 2.877313, 0.378604, 2.663968, 187.423630, 0.988240, 2.568356, 0.667575, 3.265157
1763499819.488733, 244.577332, 535.758789, 762.800415, 780.336121, 78.657532, 31.342564, 2, 3.793721, 1.582780, 3.721967, 2.893852, 0.387112, 2.560637, 156.148575, 0.988240, 2.568356, 0.667575, 3.265157
1763499820.259086, 240.301331, 525.004211, 770.315735, 765.305542, 77.890137, 31.399399, 2, 3.827604, 1.579994, 4.716367, 2.948463, 0.379675, 2.556364, 119.570908, 0.988240, 2.568356, 0.667575, 3.265157
1763499821.051984, 234.956345, 551.642456, 792.861572, 786.598816, 75.675255, 29.869907, 2, 3.774374, 1.658662, 3.476392, 2.992556, 0.389713, 2.679558, 198.217941, 0.988240, 2.568356, 0.667575, 3.265157
1763499821.834862, 233.887360, 547.701294, 782.841187, 781.588623, 76.643898, 29.924610, 2, 3.709410, 1.655710, 3.370888, 2.903879, 0.387250, 2.674840, 202.343155, 0.988240, 2.568356, 0.667575, 3.265157
1763499822.602722, 237.094315, 534.473938, 767.810608, 771.568237, 78.144272, 30.728886, 2, 3.781634, 1.613518, 3.845769, 2.903579, 0.382556, 2.608219, 186.607803, 0.988240, 2.568356, 0.667575, 3.265157
1763499823.380589, 236.025330, 540.553101, 777.830994, 776.578430, 77.137581, 30.392981, 2, 3.746883, 1.630868, 4.502960, 2.914442, 0.384926, 2.635431, 132.218506, 0.988240, 2.568356, 0.667575, 3.265157
1763499824.149689, 237.094315, 533.221436, 769.063171, 770.315735, 78.016998, 30.778849, 2, 3.746086, 1.610969, 4.557299, 2.880977, 0.381952, 2.604243, 126.810677, 0.988240, 2.568356, 0.667575, 3.265157
1763499824.920041, 245.646317, 534.689819, 770.315735, 780.336121, 77.890137, 31.479553, 2, 3.754163, 1.576082, 5.173394, 2.891891, 0.387159, 2.550375, 125.329880, 0.988240, 2.568356, 0.667575, 3.265157
1763499825.702919, 239.232315, 536.093628, 782.841187, 775.325928, 76.643898, 30.855709, 2, 3.645927, 1.607065, 4.576887, 2.854182, 0.384462, 2.598163, 159.368607, 0.988240, 2.568356, 0.667575, 3.265157
1763499826.474537, 239.232315, 532.335938, 771.568237, 771.568237, 77.763702, 31.005981, 2, 3.670598, 1.599488, 4.697959, 2.832117, 0.382649, 2.586401, 164.866043, 0.988240, 2.568356, 0.667575, 3.265157
1763499827.254910, 227.473358, 539.084717, 780.336121, 766.558044, 76.889946, 29.674643, 2, 3.676238, 1.669289, 3.490115, 2.868701, 0.379719, 2.696603, 174.316360, 0.988240, 2.568356, 0.667575, 3.265157
1763499828.032777, 234.956345, 551.642456, 777.830994, 786.598816, 77.137581, 29.869907, 2, 3.802594, 1.658662, 3.383430, 2.957776, 0.389713, 2.679558, 198.741409, 0.988240, 2.568356, 0.667575, 3.265157
1763499828.810645, 239.232315, 543.608887, 777.830994, 782.841187, 77.137581, 30.559496, 2, 3.711832, 1.622219, 3.071417, 2.887178, 0.388087, 2.621835, 200.275955, 0.988240, 2.568356, 0.667575, 3.265157
1763499829.592282, 244.577332, 543.274048, 781.588623, 787.851379, 76.766724, 31.043587, 2, 3.647455, 1.597603, 3.692345, 2.850810, 0.390737, 2.583483, 189.738922, 0.988240, 2.568356, 0.667575, 3.265157
1763499830.367645, 233.887360, 528.913086, 775.325928, 762.800415, 77.386810, 30.661673, 2, 3.749712, 1.616959, 3.803309, 2.907249, 0.378186, 2.613595, 151.715027, 0.988240, 2.568356, 0.667575, 3.265157
1763499831.141755, 231.749359, 539.818848, 774.073364, 771.568237, 77.512032, 30.036146, 2, 3.780362, 1.649724, 3.777486, 2.926278, 0.382322, 2.665296, 165.610855, 0.988240, 2.568356, 0.667575, 3.265157
1763499831.915865, 233.887360, 542.691040, 774.073364, 776.578430, 77.512032, 30.117672, 2, 3.769748, 1.645377, 4.149667, 2.918062, 0.384833, 2.658383, 161.895126, 0.988240, 2.568356, 0.667575, 3.265157
1763499832.700008, 237.094315, 550.757080, 784.093750, 787.851379, 76.521461, 30.093786, 2, 3.716168, 1.646648, 3.838096, 2.913824, 0.390411, 2.660403, 169.866760, 0.988240, 2.568356, 0.667575, 3.265157
1763499833.484139, 228.542343, 545.531006, 784.093750, 774.073364, 76.521461, 29.524635, 2, 3.667144, 1.677549, 2.651390, 2.875385, 0.383391, 2.709917, 181.813538, 0.988240, 2.568356, 0.667575, 3.265157
1763499834.255743, 229.611359, 543.209473, 771.568237, 772.820801, 77.763702, 29.710814, 2, 3.781935, 1.667310, 3.713335, 2.918021, 0.382833, 2.693421, 149.457657, 0.988240, 2.568356, 0.667575, 3.265157
1763499835.044884, 228.542343, 559.309021, 789.103943, 787.851379, 76.035614, 29.008305, 2, 3.735646, 1.706631, 3.370998, 2.947813, 0.390037, 2.757257, 175.609787, 0.988240, 2.568356, 0.667575, 3.265157
1763499835.830279, 224.266357, 556.069763, 785.346252, 780.336121, 76.399422, 28.739712, 2, 3.766449, 1.722173, 3.629079, 2.957967, 0.386225, 2.782851, 194.945435, 0.988240, 2.568356, 0.667575, 3.265157
1763499836.608146, 232.818344, 555.033020, 777.830994, 787.851379, 77.137581, 29.551050, 2, 3.769712, 1.676088, 3.539806, 2.932199, 0.390224, 2.707558, 206.619095, 0.988240, 2.568356, 0.667575, 3.265157
1763499837.379751, 229.611359, 538.199219, 771.568237, 767.810608, 77.763702, 29.904688, 2, 3.659017, 1.656784, 4.363811, 2.823181, 0.380416, 2.676555, 124.523712, 0.988240, 2.568356, 0.667575, 3.265157
1763499838.157620, 226.404358, 547.669006, 777.830994, 774.073364, 77.137581, 29.248438, 2, 3.825015, 1.692978, 3.861484, 2.975215, 0.383298, 2.734943, 187.377472, 0.988240, 2.568356, 0.667575, 3.265157
1763499838.930477, 231.749359, 547.334229, 772.820801, 779.083557, 77.637665, 29.746407, 2, 3.864278, 1.665368, 3.928882, 2.986394, 0.385948, 2.690302, 175.833008, 0.988240, 2.568356, 0.667575, 3.265157
1763499839.700842, 221.059372, 536.730835, 770.315735, 757.790222, 77.890137, 29.171579, 2, 3.897380, 1.697323, 3.262248, 3.002213, 0.375209, 2.742028, 165.948227, 0.988240, 2.568356, 0.667575, 3.265157
1763499840.473699, 217.852371, 551.210815, 772.820801, 769.063171, 77.637665, 28.326979, 2, 3.874934, 1.746629, 2.475758, 2.994629, 0.380507, 2.823541, 179.902512, 0.988240, 2.568356, 0.667575, 3.265157
1763499841.251567, 221.059372, 560.529236, 777.830994, 781.588623, 77.137581, 28.283340, 2, 3.845388, 1.749257, 3.997423, 2.991062, 0.386690, 2.827942, 148.291229, 0.988240, 2.568356, 0.667575, 3.265157
1763499842.033192, 230.680344, 562.181213, 781.588623, 792.861572, 76.766724, 29.094654, 2, 3.831251, 1.701696, 3.401801, 2.994462, 0.392548, 2.749173, 173.540512, 0.988240, 2.568356, 0.667575, 3.265157
1763499842.809819, 234.956345, 546.632263, 776.578430, 781.588623, 77.261993, 30.061382, 2, 3.719051, 1.648376, 3.944560, 2.888135, 0.387296, 2.663150, 158.497055, 0.988240, 2.568356, 0.667575, 3.265157
1763499843.583930, 225.335358, 537.465088, 774.073364, 762.800415, 77.512032, 29.540539, 2, 3.762341, 1.676669, 3.081598, 2.912328, 0.377813, 2.708496, 193.048355, 0.988240, 2.568356, 0.667575, 3.265157
1763499844.361798, 227.473358, 552.862793, 777.830994, 780.336121, 77.137581, 29.150688, 2, 3.823489, 1.698509, 3.388447, 2.974029, 0.386365, 2.743963, 179.674606, 0.988240, 2.568356, 0.667575, 3.265157
1763499845.148433, 232.818344, 560.043213, 786.598816, 792.861572, 76.277763, 29.364311, 2, 3.687993, 1.686470, 3.166666, 2.900971, 0.392641, 2.724362, 185.818085, 0.988240, 2.568356, 0.667575, 3.265157
1763499845.938838, 229.611359, 556.987427, 790.356445, 786.598816, 75.915115, 29.190403, 2, 3.724077, 1.696257, 3.092518, 2.943348, 0.389480, 2.740288, 197.877609, 0.988240, 2.568356, 0.667575, 3.265157
1763499846.707938, 237.094315, 540.736694, 769.063171, 777.830994, 78.016998, 30.481470, 2, 3.731565, 1.626260, 3.231887, 2.869809, 0.385577, 2.628179, 154.062851, 0.988240, 2.568356, 0.667575, 3.265157
1763499847.503341, 234.956345, 557.905212, 795.366638, 792.861572, 75.436905, 29.633968, 2, 3.618661, 1.671521, 4.111929, 2.878163, 0.392734, 2.700194, 150.449799, 0.988240, 2.568356, 0.667575, 3.265157
1763499848.288724, 228.542343, 549.288635, 785.346252, 777.830994, 76.399422, 29.382006, 2, 3.651905, 1.685480, 2.714214, 2.868010, 0.385204, 2.722756, 162.418533, 0.988240, 2.568356, 0.667575, 3.265157
1763499849.075373, 229.611359, 558.239990, 786.598816, 787.851379, 76.277763, 29.143995, 2, 3.698787, 1.698889, 3.330088, 2.909462, 0.390084, 2.744584, 161.988480, 0.988240, 2.568356, 0.667575, 3.265157
1763499849.888311, 232.818344, 583.841553, 812.902283, 816.659912, 73.809608, 28.508604, 2, 3.288959, 1.735780, 4.289479, 2.673602, 0.404121, 2.805427, 142.991592, 0.988240, 2.568356, 0.667575, 3.265157
1763499850.674947, 229.611359, 553.229858, 786.598816, 782.841187, 76.277763, 29.330517, 2, 3.249644, 1.688362, 2.628814, 2.556166, 0.387667, 2.727435, 172.677002, 0.988240, 2.568356, 0.667575, 3.265157
1763499851.455332, 232.818344, 551.275391, 780.336121, 784.093750, 76.889946, 29.692667, 2, 3.664729, 1.668303, 3.225837, 2.859720, 0.388411, 2.695016, 163.644409, 0.988240, 2.568356, 0.667575, 3.265157
1763499852.236957, 234.956345, 549.137390, 781.588623, 784.093750, 76.766724, 29.965338, 2, 3.750492, 1.653519, 3.685447, 2.931342, 0.388505, 2.671343, 164.643387, 0.988240, 2.568356, 0.667575, 3.265157
1763499853.038623, 231.749359, 566.122437, 801.629395, 797.871765, 74.847557, 29.045940, 2, 3.673403, 1.704476, 3.035007, 2.944708, 0.395011, 2.753725, 195.318817, 0.988240, 2.568356, 0.667575, 3.265157
1763499853.827763, 232.818344, 557.538086, 789.103943, 790.356445, 76.035614, 29.457384, 2, 3.685149, 1.681279, 2.993174, 2.907966, 0.391433, 2.715949, 192.292557, 0.988240, 2.568356, 0.667575, 3.265157
1763499854.624432, 224.266357, 562.332458, 796.619202, 786.598816, 75.318298, 28.510895, 2, 3.743887, 1.735644, 3.619635, 2.982452, 0.389247, 2.805201, 184.703613, 0.988240, 2.568356, 0.667575, 3.265157
1763499855.413573, 223.197357, 564.654053, 789.103943, 787.851379, 76.035614, 28.329882, 2, 3.821843, 1.746455, 4.132513, 3.015831, 0.389804, 2.823248, 165.227890, 0.988240, 2.568356, 0.667575, 3.265157
1763499856.195198, 229.611359, 559.492554, 781.588623, 789.103943, 76.766724, 29.097733, 2, 3.730649, 1.701520, 2.452260, 2.915833, 0.390688, 2.748886, 173.543900, 0.988240, 2.568356, 0.667575, 3.265157
1763499856.979328, 227.473358, 554.115234, 784.093750, 781.588623, 76.521461, 29.103977, 2, 3.712305, 1.701164, 2.841926, 2.910795, 0.386970, 2.748304, 187.255814, 0.988240, 2.568356, 0.667575, 3.265157
1763499857.774744, 230.680344, 568.443970, 795.366638, 799.124329, 75.436905, 28.866640, 2, 3.733337, 1.714792, 2.768478, 2.969372, 0.395569, 2.770671, 187.236313, 0.988240, 2.568356, 0.667575, 3.265157
1763499858.562631, 227.473358, 556.620361, 787.851379, 784.093750, 76.156494, 29.010990, 2, 3.741098, 1.706477, 2.869704, 2.947429, 0.388178, 2.757005, 188.895889, 0.988240, 2.568356, 0.667575, 3.265157
1763499859.359287, 232.818344, 570.063599, 796.619202, 802.881958, 75.318298, 28.997829, 2, 3.435752, 1.707232, 4.747981, 2.736986, 0.397475, 2.758243, 198.681458, 0.988240, 2.568356, 0.667575, 3.265157
1763499860.149693, 238.163330, 558.455872, 790.356445, 796.619202, 75.915115, 29.896759, 2, 3.319487, 1.657212, 3.404605, 2.623578, 0.394687, 2.677239, 176.846451, 0.988240, 2.568356, 0.667575, 3.265157
1763499860.946349, 236.025330, 558.088806, 796.619202, 794.114136, 75.318298, 29.721838, 2, 3.648355, 1.666708, 2.924780, 2.906349, 0.393385, 2.692454, 202.004013, 0.988240, 2.568356, 0.667575, 3.265157
1763499861.748015, 232.818344, 565.053406, 801.629395, 797.871765, 74.847557, 29.179918, 2, 3.630655, 1.696851, 2.274082, 2.910439, 0.395058, 2.741257, 187.862076, 0.988240, 2.568356, 0.667575, 3.265157
1763499862.538420, 233.887360, 557.721680, 790.356445, 791.609009, 75.915115, 29.545820, 2, 3.661171, 1.676377, 3.826919, 2.893630, 0.392083, 2.708025, 177.161087, 0.988240, 2.568356, 0.667575, 3.265157
1763499863.326308, 237.094315, 554.514709, 787.851379, 791.609009, 76.156494, 29.950937, 2, 3.724132, 1.654293, 3.817881, 2.934062, 0.392223, 2.672578, 173.718246, 0.988240, 2.568356, 0.667575, 3.265157
1763499864.114196, 239.232315, 551.124146, 787.851379, 790.356445, 76.156494, 30.268913, 2, 3.717489, 1.637373, 2.974249, 2.928828, 0.391713, 2.645701, 171.964951, 0.988240, 2.568356, 0.667575, 3.265157
1763499864.905842, 233.887360, 551.458862, 791.609009, 785.346252, 75.794991, 29.781431, 2, 3.709397, 1.663460, 3.156559, 2.936392, 0.389062, 2.687242, 162.665802, 0.988240, 2.568356, 0.667575, 3.265157
1763499865.708773, 233.887360, 568.994629, 802.881958, 802.881958, 74.730789, 29.130978, 2, 3.404320, 1.699628, 4.320872, 2.733267, 0.397522, 2.745792, 171.056931, 0.988240, 2.568356, 0.667575, 3.265157
1763499866.490399, 232.818344, 547.517761, 781.588623, 780.336121, 76.766724, 29.835648, 2, 3.440633, 1.660517, 2.975688, 2.689160, 0.386599, 2.682526, 199.332138, 0.988240, 2.568356, 0.667575, 3.265157
1763499867.285802, 233.887360, 562.731812, 795.366638, 796.619202, 75.436905, 29.359997, 2, 3.706773, 1.686711, 2.546882, 2.948244, 0.394500, 2.724754, 198.606796, 0.988240, 2.568356, 0.667575, 3.265157
1763499868.069944, 237.094315, 550.757080, 784.093750, 787.851379, 76.521461, 30.093786, 2, 3.701102, 1.646648, 4.370969, 2.902011, 0.390411, 2.660403, 125.667465, 0.988240, 2.568356, 0.667575, 3.265157
1763499868.854075, 237.094315, 546.999451, 784.093750, 784.093750, 76.521461, 30.238005, 2, 3.677474, 1.639002, 3.227497, 2.883485, 0.388598, 2.648278, 164.748444, 0.988240, 2.568356, 0.667575, 3.265157
1763499869.639457, 232.818344, 547.517761, 785.346252, 780.336121, 76.399422, 29.835648, 2, 3.680296, 1.660517, 3.395641, 2.890307, 0.386599, 2.682526, 186.696106, 0.988240, 2.568356, 0.667575, 3.265157
1763499870.434861, 236.025330, 563.098999, 795.366638, 799.124329, 75.436905, 29.535496, 2, 3.635640, 1.676948, 3.115832, 2.891667, 0.395802, 2.708946, 214.487381, 0.988240, 2.568356, 0.667575, 3.265157
1763499871.211489, 239.232315, 541.103821, 776.578430, 780.336121, 77.261993, 30.657598, 2, 3.659032, 1.617168, 2.540389, 2.841525, 0.386879, 2.613923, 181.505325, 0.988240, 2.568356, 0.667575, 3.265157
1763499872.004387, 229.611359, 551.977295, 792.861572, 781.588623, 75.675255, 29.377520, 2, 3.670863, 1.685731, 3.384242, 2.910486, 0.387063, 2.723163, 185.169571, 0.988240, 2.568356, 0.667575, 3.265157
1763499872.796033, 234.956345, 562.915405, 791.609009, 797.871765, 75.794991, 29.447884, 2, 3.727267, 1.681807, 2.875643, 2.950538, 0.395151, 2.716804, 186.075287, 0.988240, 2.568356, 0.667575, 3.265157
1763499873.575153, 227.473358, 542.842407, 779.083557, 770.315735, 77.013565, 29.529888, 2, 3.732976, 1.677258, 2.317391, 2.908300, 0.381532, 2.709447, 176.288925, 0.988240, 2.568356, 0.667575, 3.265157
1763499874.354285, 240.301331, 553.812805, 779.083557, 794.114136, 77.013565, 30.260300, 2, 3.732645, 1.637827, 2.624018, 2.908042, 0.393572, 2.646418, 156.729111, 0.988240, 2.568356, 0.667575, 3.265157
1763499875.150941, 237.094315, 555.767273, 796.619202, 792.861572, 75.318298, 29.903620, 2, 3.486516, 1.656842, 2.965027, 2.777426, 0.392828, 2.676648, 168.823929, 0.988240, 2.568356, 0.667575, 3.265157
1763499875.946344, 239.232315, 558.639465, 795.366638, 797.871765, 75.436905, 29.983803, 2, 3.620033, 1.652528, 2.248554, 2.879254, 0.395338, 2.669762, 193.204025, 0.988240, 2.568356, 0.667575, 3.265157
1763499876.719215, 255.267303, 536.341675, 772.820801, 791.609009, 77.637665, 32.246639, 2, 3.458653, 1.539629, 3.534014, 2.672920, 0.393017, 2.495193, 163.801498, 0.988240, 2.568356, 0.667575, 3.265157
1763499877.500840, 256.336334, 526.504883, 781.588623, 782.841187, 76.766724, 32.744362, 2, 3.242052, 1.516890, 4.020995, 2.533951, 0.388834, 2.461344, 153.580276, 0.988240, 2.568356, 0.667575, 3.265157
1763499878.263677, 262.750305, 507.565430, 762.800415, 770.315735, 78.657532, 34.109428, 2, 3.393374, 1.457931, 5.284100, 2.588467, 0.383072, 2.375622, 92.487770, 0.988240, 2.568356, 0.667575, 3.265157
1763499879.060332, 287.337219, 538.090515, 796.619202, 825.427734, 75.318298, 34.810707, 2, 3.100722, 1.429440, 2.113575, 2.470095, 0.410731, 2.335257, 167.940491, 0.988240, 2.568356, 0.667575, 3.265157
1763499879.854495, 600.684143, 502.808777, 794.114136, 1103.492920, 75.555893, 54.434799, 3, 2.023347, 0.829227, 11.910593, 1.606769, 0.498103, 1.650675, 57.345802, 2.771096, 5.516781, 0.000000, 5.078047
1763499880.887894, 690.761292, 436.529968, 1033.350342, 1127.291260, 58.063560, 61.276203, 3, 1.350150, 0.811890, 14.606837, 1.395178, 0.560822, 1.241889, 33.388737, 2.771096, 5.516781, 0.000000, 5.078047
1763499882.035288, 743.606567, 458.837402, 1147.332031, 1202.443970, 52.295235, 61.841267, 3, 1.127785, 0.803674, 10.674427, 1.293944, 0.597617, 1.091983, 18.391933, 2.771096, 5.516781, 0.000000, 5.078047
1763499883.270360, 851.699158, 496.040222, 1235.010254, 1347.739380, 48.582592, 63.194649, 3, 0.949302, 0.790044, 10.105951, 1.172398, 0.672880, 1.043978, 12.141682, 2.771096, 5.516781, 0.000000, 5.078047
